3148.7564998976945
14494.524974801925
2558.2426113253396
22962.17771176739
31702.52298850574
29114.996337369008
17876.101274707362
25105.321457604812
3915.3065730744293
1945.1263856769858
1397.1305221809328
14145.259510175087
9380.593435215947
7788.712418002915
12290.952415080817
881.2409595780291
15926.801207084354
12899.009017307653
1033.5753402902649
2236.3142794376095
4573.537819286598
3362.7158909561986
2531.923393426979
4237.764792536214
1133.8822857895545
2670.8745416522092
911.0417503624972
7.831525716947236
5442.431305204841
2629.33644144351
14694.419493104735
3581.801360604516
5738.6762000480685
13014.333904374482
2724.355436573311
2355.484167387512
7029.58550497096
3671.6662683999234
1319.6649746192895
20514.959769589466
17090.459163619667
2168.4455420141117
2681.9248859328536
5239.655921140269
3841.6888133195907
3396.1597125950975
9413.628885012009
11587.319334277141
1960.890526025888
2743.546068304528
25452.322817052464
2530.215885284247
2235.6374346056964
3106.4075655228316
1149.472355050807
3386.262493283181
16066.734448453046
3771.0333894037844
1346.1523838805783
17320.468871982488
6189.663179108958
14615.52950091347
5292.3042164197595
4500.498469723406
10239.368479467259
8138.097060314241
8895.820047969082
7648.6216757486845
7388.353661906078
14748.688073394496
10200.036848843924
11710.401058671834
10922.2039957939
9844.195218391389
7583.919087510969
12680.24241882999
11239.556646672236
8090.666589923088
11634.684100896691
8635.060463294192
12914.655264100991
