8768.607240374506
10070.449999362074
7505.027124821721
16928.523221273634
26170.937626774845
23425.802319666294
19838.79889397061
23672.391228047538
9468.56494105978
8162.731398731815
8536.691864378648
9364.069930433427
1601.4476970099668
1524.0071519679298
4253.46728654684
7762.415722472993
10273.810979273347
7154.051688940229
6488.248092991327
9608.995913884006
10344.456430741533
8561.091864896833
7663.112796150176
8537.895408789589
7267.106144760816
6977.985707989084
5728.504210288268
8093.56856743629
11803.572711728999
10636.80627133955
14725.812678593615
11712.109989584947
12666.889794402327
21658.299916922108
7897.438312282628
8717.085508869948
15376.00676209451
8370.613314853757
10590.368606013277
12655.300356587728
10868.394438444033
6416.757152020526
8342.476040224275
11610.753382557234
9859.686992634503
8776.891834319526
3010.1520068827895
19907.686951750675
6369.616322408886
7579.3528178147335
20184.96952363929
6783.748764364895
9742.702267002518
9604.399675763307
8851.265242080095
6979.840408382589
22654.193542509383
9099.37524324681
8640.213653375176
18819.266015583144
14666.412460872174
12907.862688922105
14806.498142000693
9616.53901490232
1859.0386261254575
1879.8298476805292
3173.713107988697
2003.5255616102343
7.108013605312551
5176.2726605504595
4865.4737679813215
3325.583905775191
3012.7094286715737
2901.607041245018
1915.6820711289529
5102.526375717929
3459.7319565015646
560.8433351799756
2902.6623567963015
1689.8563313780269
18052.79826244783
