3431.384857443221
14459.488925605072
1993.2612645924676
22161.641037344085
30174.868323191346
27854.757655916164
17065.80078452238
25845.564008929377
3089.6626254148705
8.784781797836628
863.985984195336
13728.470626965494
8197.108943521594
7415.0715196793
11568.111069198996
1063.3107267839935
15840.99460417014
12395.364252424863
1248.1899631661724
1662.1618629173988
4249.190210419714
1977.3228132099207
1149.954647595399
3009.539896881905
1894.2755153564135
1457.4698733037617
795.334328814867
1594.1070596846098
6128.254813974151
2906.7606984826907
19792.96185861598
3718.347663261462
5411.79234853285
13932.032520697854
1827.3143876990664
2483.683872431543
8301.419344260667
2753.903173389409
1870.6099180007811
20170.694066014443
16816.125704773138
1733.4997505523484
1785.5678841395593
4124.516013625378
2940.0928398925644
3157.241707523246
8722.837417998016
12323.843282823836
492.1374368860736
1504.0892852215345
25454.82777728126
1551.4454591681076
3159.9685642317377
2342.2054579843284
1355.4233413030483
1742.006985491671
17830.574687511387
3533.579141792276
1405.6482967737832
17304.368591853294
7136.597916041335
16589.593921275533
5070.579794876877
3094.8677526386546
9524.102358045428
7360.384786726064
8100.819950865677
6740.672783444336
6652.603173620176
14480.610275229357
9251.674962970403
11068.363990076836
10939.22607781283
9569.70860448759
7536.280092787348
12059.98653724862
11193.873773548296
7488.520551690396
10722.749790433612
7954.794630983185
14468.035745251498
