8326.235068756041
9063.31833782008
6937.923782420369
17484.70741270043
27326.39515720081
24442.32373588361
20516.699566418367
23890.888886021396
8208.071231831535
7495.175829914209
7164.711744691053
8123.622070710133
2184.378960797342
1328.2395681486878
5760.169574319609
7200.70647664452
9169.068754191267
5458.546401043637
5418.129773925338
8745.523550087873
10160.477123888826
7795.314843324635
7289.549143742497
7760.44389884606
6351.90551250247
6177.9747826657795
4900.604040014367
6405.561514405484
10660.11787983544
10099.367920628358
16642.563361908313
9385.744676136237
12029.92540802727
20291.851147334346
7230.484715357862
7208.778896467617
16006.532178328507
8127.759080481743
8815.671222178837
13799.719758617535
11380.200639456727
5950.227467749982
8078.894172928064
8484.154332147138
8803.217346163396
8445.870938292475
3344.30575238687
19106.455472840706
5642.314821444965
6840.409109723231
20831.441951917062
6436.036774127937
7534.3939856616935
8393.949743312618
7912.623430962343
6789.11552928533
24046.87748259903
8430.858251701355
7367.628195205734
19391.35718768656
13578.649071652157
13382.647712174057
14265.173661001832
9670.21951603215
2508.4600354923523
176.557233174167
2785.8712311740774
742.2932016828901
1764.1378967025219
6120.227889908258
5760.721527376798
5344.7838092581005
1901.5955134945673
1752.4271384486703
741.4973377723827
6018.364443154481
3816.5607214868432
2126.423034584973
4784.196903497854
2687.9847011886477
18702.353614409083
