3035.9244847706605
16365.301439161
1588.3727021816069
22225.687584643354
29849.45448782961
27475.885949740565
16868.263998007562
25604.392866820654
3075.7293861824287
745.6522790003728
624.8005237484901
13869.730171793915
8456.557203986711
7532.489294825072
12256.99019256521
654.9272201653396
17365.449226093802
12882.04803919616
987.6855600125
946.3683216168716
3220.5618318892766
1620.758481497475
1285.506951641203
3261.972992879941
1953.4239863010691
1271.641940112348
884.8903928272118
1459.326502095948
5639.963145751981
2475.055609143662
20032.62594732265
2801.859197376293
5286.54829688217
21318.48818861546
2432.9574867289034
3092.614813029112
7069.414067740188
3168.768925635634
1149.688402967591
22190.010240468135
16942.106904216915
1064.3438243888531
1610.2131069393686
4415.983796076043
2989.813974134234
2570.279898562975
9154.556765088962
12213.373341281185
1058.0760167079775
1617.8219722403628
25654.74287246403
1558.6930540018307
2973.6654446812636
2199.1837881653605
90.69246861924687
2237.1351423965607
26208.815823038516
1293.561704981475
2224.6730102522242
16877.26166822294
6035.159512885382
16650.841585700047
4382.742704256057
3521.423886616516
10160.543935140397
8141.73741563742
8466.315469543517
7455.198112182325
7106.66308272754
13720.860550458716
9771.31427208596
11873.954365513237
10985.31510690501
9310.652835951412
7530.415595966395
12254.215147269773
11286.966363797423
8226.861883143512
10936.46818401199
8460.743786146533
13894.433879377117
