3821.7885037358974
15200.631358527156
2783.822539749617
23428.29926898069
33294.50469066937
30914.989927764775
18442.09561437272
30502.37495644993
3692.5737916301077
2105.448653487504
1523.3958081678945
15048.468513111955
10000.671468438537
8066.822157434402
13313.35180400219
1723.2590556372675
18999.474468654185
13420.577610587743
2287.4939882480107
2492.6716608084357
4256.507989197705
2258.114056662224
1427.7068100431977
3055.50110483673
3388.612851529055
568.250354017987
2041.5328641932608
2899.1525051566973
5227.148738548379
2718.5970097836566
20522.39175673997
3389.878841934983
5081.035613624943
16269.572979631592
3319.3826652022694
4068.133339950935
8463.28910562481
3934.1035413878794
2458.2319406481847
22731.203803602446
18234.59640900128
1360.1647922457414
2885.2457267382474
4222.190526936764
3089.6740672750666
2915.9345224006765
10303.19760536284
13592.733731177479
2370.399242632883
1642.8763141677168
27029.869693448923
249.696898199939
4570.589575663631
3227.4092407457442
1144.5086670651524
1853.2299838796343
27655.854378484746
3410.930549600361
1647.4555931340847
16970.185620034594
7131.719694695767
15812.13840101312
4920.757865530397
5058.367981465061
11640.588650756437
9361.504654947048
9630.750104386161
8569.89222672442
8266.69090311455
16761.917064220186
10784.145718374211
12302.947933554016
12777.01366982124
10378.117670914311
8888.97046910494
13688.722166096415
12692.617380813783
8987.705045650437
12463.448065638733
9441.871279677529
13889.806909746707
