11421.621781800992
23454.468397147193
9428.557253974961
14338.748236051148
31324.477941176465
28231.197680333706
9871.482107682206
26616.46246951495
12914.653095792164
11893.803923908987
10570.428201274332
22958.80331632432
18822.5741820598
17646.03088556851
21066.854944267365
13335.628057006645
31127.448028312607
24429.437451452926
12115.80652250757
11302.978075571176
11870.472015303252
12881.868492199088
13733.124739634102
15106.317701939603
19298.56064630853
13712.395599861205
15306.562263046571
12483.373677556725
17609.747201959188
12998.896705096993
8077.522828922849
15788.186396170806
13072.293233411261
6764.364282235655
14970.45428336079
14744.378748989633
1518.4094172475643
13419.415336455744
10314.935572042172
22269.22894760903
15005.524876386013
10899.223291283584
12248.998433704857
15179.593408057242
14759.656025941
11566.7971090448
18433.34931351345
24815.683923890298
13009.317566327
12659.582842005537
17231.428724640275
9372.002928912845
19268.673078860684
11014.762280464738
13155.287507471607
12462.55024180548
6155.448234393791
13693.767604472445
10914.823464551904
8022.107597165031
19381.01346425968
8386.767563527654
20797.97136203736
13948.35160607534
23733.83820710203
21963.752901005682
20660.38222813474
21497.69692453387
16107.185310454557
24760.64917431193
20392.747611277082
21523.363801566895
22947.45881528216
23770.72319770868
17942.628862633865
21508.03775375221
21337.355436882557
19498.72483829888
22755.216386821452
20428.437562499355
4895.760973861573
