3226.3132791939775
14820.929722884955
1763.9678437483492
22243.934978937363
29673.11743576741
27375.324142842604
17256.194613625557
26474.222447320542
2248.0286270171287
260.90801939574783
664.8358583297218
14124.423394467594
8449.028571428571
7556.87112791545
11984.409234077064
828.1918547446367
16336.766087674485
13040.696140134238
1512.674294701359
1210.150439367311
3441.5735343760552
2166.9456001351787
952.1176494731117
3014.277436778787
2145.1229610765954
1221.5145405268538
980.3675189230175
1488.7730387916697
5353.604324550334
2406.352426010136
20174.81861100758
3019.7367983690474
4756.08820380607
14925.971478500014
2071.7101867105985
2139.6989889249703
8654.079763898066
2923.336360160581
1087.8500585708707
22529.889823534788
17066.69370154943
1376.1235549853895
1845.1417837604706
3851.5820377171785
2708.9661668560084
2975.604294167371
9117.556107878165
12463.985260348578
651.5530983200221
1694.8337917015426
25764.286710161767
1287.368412488559
3386.913233869405
2084.102242637125
548.3613269575612
1752.492208490059
25129.35388652017
2022.805435535473
1114.8218742379745
16815.80273087697
6883.410231122164
15261.900483723633
4732.3272060645095
3220.320442779097
10128.567129808234
7608.921772881265
8332.994824388492
7070.08107059134
6728.516758924913
14582.217247706423
9505.450596239298
11028.143388202294
11085.05853487557
9761.111898259334
7714.062715592361
11697.665005218769
11842.146710198847
7563.872078048218
10990.330060710749
8187.114297790745
14545.84001919053
