8750.086218453007
9982.117062606054
7191.561209127886
22080.340765737117
27114.520791075047
24311.954217112623
20813.047263794237
24635.2924887415
8367.839041696869
7843.228884744497
7789.365618862322
9182.336397265852
795.8012810631229
855.075163994169
4942.426698855171
7335.184865851803
10206.93021083275
7469.422190244776
6038.395581989846
9004.491827768014
9790.227084505459
8271.050729399396
7244.389127735766
8116.961453474099
7020.222256371979
6551.028902872469
5527.558165830817
7815.001197684477
11633.91391217997
9810.493133066924
14958.250714374459
10777.888237640438
12638.342895846536
20857.569381499412
7028.9370309353835
9101.684624002042
15628.690632934033
8398.606623972471
10780.064037485357
13856.739325226294
16217.442189610812
6096.580999216021
8051.75266156675
12556.72157414984
8705.86420096752
8412.95998309383
4201.802735191846
19169.000318365634
6280.172193151565
6850.609350711467
20907.93958351953
6517.025770365098
9192.526967641928
9392.28576060524
8338.40690376569
6591.0244492208485
22991.248678984
8433.621953230648
8397.947519640378
18611.842102040504
14645.54007118048
13551.524767480485
13648.637368082049
9213.000943908928
2771.323128787384
1393.5942059914103
3303.5492362817163
1170.5758775402483
703.7644270619957
6098.377981651377
5690.2445761052395
4323.557589787285
3189.798808271994
3125.620348133551
2233.5699330536895
5880.529802803065
4211.144575772148
1285.2690605866567
4008.2573475245767
2554.2085751693285
18855.257164657054
