15380.429293107461
5650.3366973296415
14178.173003275053
46483.43029128538
37601.08734787018
33318.040594160135
31579.60996332103
36911.498057989345
16571.99569679167
21831.149093621778
23494.215492996707
2111.903421150664
12426.297600000002
10205.222986516033
15942.654080458688
16727.27782116955
4735.016106086977
16862.69331693521
13538.08820139241
18321.230536028117
16256.408596826825
15238.436879259525
16574.954226905673
16310.218512153204
17099.777216746064
17802.288034660938
13432.73114682133
16803.008317253312
18482.17338520006
17215.102575291286
29438.056435582064
17970.750880847383
15660.940986257076
29218.75905692268
15952.653075233387
15795.969497582211
35779.69953147281
14961.56428025234
16383.532994923858
25670.083569534607
23470.333832083157
14202.74278383579
15100.368805756703
19033.069411406494
17013.332591015445
15170.337650042266
10698.996606402428
27098.873561427634
13670.671871844303
14276.512293159429
42640.781839306466
15000.278002644158
15201.700631660531
16132.425614698728
18498.992080095635
15228.857334766253
34466.85507087934
20324.036962520757
22744.95101833102
27601.519325853013
24033.87697783114
20327.022867879088
27085.377991378882
15544.921827178856
12280.72647147851
11016.7080321178
11712.218676868999
9944.964215298156
9533.267847445193
18662.369174311927
12290.682127883914
15441.80455289212
11033.395022783036
8391.415333337558
10868.037307243903
14736.872154096036
14048.817865067113
10917.60715442007
14822.131404475831
11726.14286450655
26034.60561149582
