11742.32789823118
11198.660304418276
8496.352767946753
32056.60676099335
17207.79724475997
21644.320887170616
17894.04370344375
15844.689278294645
10783.3319345363
14509.209160760909
16450.416324724065
10952.141420267004
3221.427412624585
3864.8770043731774
2836.3674581769487
10498.046721103618
12841.747888377648
7466.237377760958
8898.456539669365
11258.674428822495
9890.162810847303
10405.368285676737
10379.794847063893
9863.699484409528
11609.183201246953
10797.106289797719
8292.570803346945
10273.082174462705
12685.827809427103
11151.879258340605
18345.34258914151
11604.66239723447
8402.47038388429
17742.97345518091
9177.573814753798
10286.98448645046
29964.97868524214
9439.208779392085
11195.974228816869
13084.603090426988
15092.099059641892
9805.964635450073
9361.485188295917
12274.45305334069
10171.80201178179
9414.384801352493
2716.7124882000785
15583.61488596414
9758.82184430368
8874.08215675273
20274.570024130844
10954.279426421235
9777.779376089906
9327.380924074574
10454.788852361027
8868.441429339064
22642.70088553624
15283.568235539873
12691.977088877346
16673.02511978202
16413.295527636037
10904.925313486132
17555.239161670714
7801.764351706187
1324.2007691988106
4409.95953263798
4154.756105376616
3684.8226910716785
1601.8619460932364
5794.438899082569
2838.9317450355234
3012.2245681237227
1618.192779530319
3856.1150475562854
2823.3937092102265
2771.6274858925767
3467.1887828705926
2762.5438769416724
1084.672720806767
1731.858496304162
16878.971659287174
