15479.431466207587
21348.467574222686
16031.61833104432
12804.0701090169
19381.421315077754
24346.23308576661
8323.161053501482
22827.358117088406
15032.704505398086
21568.92335695636
19287.059096902693
22914.002339100225
22683.769897674418
18299.349945335274
12258.033948812736
14256.382958867982
27310.121444935015
25666.551937899578
15509.419091090722
21710.01076449912
21296.066749184203
17443.58580064961
17774.259739993227
19408.781733366068
18502.800289785075
18049.289572646365
15594.042162744601
18846.8798988622
22120.26538642456
17852.9172140309
1884.9560504410488
20953.57020187471
20782.079682754706
4793.539038015298
19116.720940874977
23352.90065088841
6819.722013822297
14772.977776715732
20461.550956657557
4169.231324860564
3862.4332220229426
12564.217133490129
15179.9380972919
19917.14551180803
16494.255091523282
16014.494691462385
15061.630665455805
4356.858367935839
14414.070719728265
14738.455706914156
14901.237644114755
14677.069785416455
22826.04134082542
19641.835179681166
21194.779438135087
17416.287211176783
6525.568310192778
15827.86804753895
21280.495064725776
5816.696128706354
21415.07182367823
3694.0864785749877
25714.918495763763
23816.135751265698
17746.181408654673
21894.50341451703
22076.989833273452
18845.908310434228
14788.151225716709
20837.071926605506
23499.667597218388
13456.46222637782
26755.627059235892
16304.854530361885
14199.553514981792
20904.89452503614
23043.24183138873
12589.108301976386
13639.331508623975
14109.034917165802
4845.362596964196
