2373.7370266628095
14706.103095216831
1209.8322526543764
22559.199365502172
30093.717292089248
28796.210703021672
17441.57136549913
25843.950540020902
1416.2805935985962
1546.2094442372247
418.244594233234
14724.676606398738
9397.884470431893
7317.615479227405
13001.910997529281
655.9459958411522
17151.43076708389
12805.612539584536
1646.1224993724416
1057.9841388400703
3503.1463598514683
3010.01624016672
1577.9993433135985
3723.7063589491777
2645.1409628767756
1854.9934354280572
1479.4637103747355
1624.1801184376873
4849.322332808195
1423.950476934148
14361.86047956268
1828.221186872604
2798.657978107453
15018.188351906494
3200.454146073586
4059.3041591627784
8098.786077339282
3824.5244695086976
1141.6431081608748
21490.200237725152
17890.239713697785
1514.1362696885467
2413.1208544253514
4523.331062436963
1801.8688354386572
2054.217007607777
9890.518742457012
12755.515176557452
1630.1809189387677
2015.2488617444974
26299.481097506483
1176.4687074138108
3886.1633326874635
1635.8329100243177
8.413030484160192
2296.064750134336
16490.172916438903
2208.122827270029
7.647289574962098
17053.629203851393
5013.851893143518
16515.13208976914
3219.968091958579
4379.037842166986
11437.467169573913
8955.108624323098
9564.998786207432
8413.752006582523
8147.77383549767
15360.87743119266
10793.669630708206
12743.096434145938
11827.858394672274
9280.855341448423
8399.40548791481
13549.954108315984
12028.724355242844
8927.453432236618
12263.303210811086
9185.7042298533
14385.60450168206
