11698.401395581832
12061.624194618456
10247.588637684223
12025.48450792748
22099.710953346854
20071.336555092075
15233.802278850724
18869.43396518575
11589.33664975394
12662.384483401713
11408.383885513005
11456.868031430575
6089.340023920266
5253.714695699708
2247.688934573094
11063.90383932647
11639.53050078108
8735.718446891991
8872.466401299173
13047.872715289983
13908.436446494881
11711.313660514805
11004.448188468998
12495.367542352074
10887.96821145529
10159.432633424925
8866.05033722214
11187.412801916296
15160.44039930413
12966.955751534915
12785.055441669774
14676.148148558512
15402.58218444799
15843.752874781561
12208.02018121911
12361.771338220904
14921.001271929608
11877.327781494934
13390.052323311207
8855.219255737406
8512.824889267631
8804.566174898438
12031.316641318414
14171.59784201412
13076.867217887855
11871.298106508875
3367.1948450774908
15264.489111217987
9886.107720554483
10910.05025800458
14778.7836267763
9646.548723685548
12519.78094167797
12308.815995676845
13135.348625224147
10172.325362708221
19446.42341751394
14466.558307771806
11686.740874248577
15901.110673993906
18445.834441061703
9352.39282303604
20197.680820492493
14187.705486113098
3147.996142135595
5038.748179368848
7225.145713370168
5658.07175570149
3612.008193675626
9.79816513761468
3185.3091105364897
2121.950972334281
5607.332632316859
4517.436991882799
3842.9324647540298
1478.2998532046593
711.5382214235698
4099.330287572576
1884.7334061523613
3350.2496056741684
14130.12459393533
