136.608|136.665|147.354|38.962|229.141|274.141|143.622|147.775|143.926|51.985|68.629|68.676|51.683|53.188|54.737|56.864|52.956|50.195|49.831|236.471|168.768|284.511|183.556|187.472|161.709|44.863|270.391|270.156|290.122|192.015|190.53|190.665|163.883|58.828|56.322|131.972|76.595|191.779|62.73|202.151|192.833|193.204|194.812|193.954|357.651|368.686|69.015|399.515|401.464|254.076|297.426|266.796|62.337|59.383|252.451|132.908|156.404|192.736|193.351|53.471|
161.465|146.416|147.194|237.574|154.336|37.411|161.259|162.53|162.686|231.457|239.473|247.895|234.156|232.639|223.245|926.597|239.429|227.886|264.378|398.762|170.572|427.934|364.745|378.902|376.159|239.33|380.002|293.023|420.955|194.853|188.495|188.059|147.566|289.44|233.59|144.533|252.017|175.914|245.563|204.832|183.973|201.632|234.05|378.639|370.423|450.994|254.313|400.385|461.916|344.88|378.35|399.15|220.132|224.342|91.28|161.093|158.901|180.912|214.791|257.614|
118.507|117.703|132.587|20.525|208.474|238.475|122.006|127.144|127.324|35.746|36.749|46.6|43.401|45.337|34.152|31.552|29.926|34.36|26.947|212.22|148.134|213.131|175.69|159.957|139.115|39.315|274.746|274.709|260.902|173.852|170.792|170.243|144.187|34.216|33.816|115.064|49.207|169.609|47.228|186.867|160.792|175.031|177.567|184.77|287.456|301.441|47.178|316.294|319.025|271.979|292.039|251.714|37.273|37.821|240.535|114.636|145.121|144.142|174.51|49.242|
196.032|193.557|181.87|249.732|362.97|420.235|244.431|183.4|187.4|244.251|258.237|263.846|254.193|255.37|245.074|257.719|246.242|245.75|246.04|123.181|167.152|166.827|124.923|158.731|152.736|253.532|164.18|164.246|134.791|133.123|184.246|184.294|258.732|247.737|245.331|251.195|265.751|145.865|259.353|200.488|209.365|141.941|143.386|92.025|193.654|193.619|262.8|1.103|1.056|141.742|140.746|148.005|245.974|245.19|514.575|389.069|365.706|354.869|341.636|375.447|
301.59|303.735|296.82|334.494|376.641|424.99|301.38|290.072|290.892|327.717|342.317|349.5|352.376|323.492|324.48|344.203|329.819|328.479|331.779|294.624|281.522|329.95|323.413|348.174|322.858|328.148|255.531|251.992|250.383|245.64|295.816|296.427|305.51|339.765|335.396|305.397|351.802|257.755|370.071|244.708|257.647|247.517|246.524|158.373|368.538|370.23|349.827|88.959|88.29|215.426|303.829|315.164|369.24|374.245|417.939|254.226|173.614|191.266|170.433|236.148|
313.774|311.6|306.558|367.105|386.246|421.049|309.938|298.556|298.641|345.881|373.613|370.968|371.169|341.02|346.299|357.905|348.991|360.463|350.273|315.572|290.019|262.424|342.761|359.902|343.376|344.012|267.553|272.783|276.269|255.877|306.144|306.116|314.708|357.243|355.103|313.599|380.187|268.091|394.116|254.545|267.224|256.9|255.454|189.553|390.537|303.406|372.279|97.85|97.846|310.375|311.437|251.084|350.562|349.67|424.751|306.665|284.42|275.93|254.15|255.788|
241.994|241.273|231.279|205.11|365.472|376.593|244.758|229.345|233.301|198.767|212.593|217.372|210.22|210.972|200.306|212.391|202.93|199.011|198.368|77.605|213.132|120.585|79.769|116.087|104.992|210.262|118.672|118.674|119.366|179.147|228.076|228.892|257.18|202.486|200.691|251.673|221.363|189.508|216.876|200.244|207.599|187.947|188.081|46.587|148.18|148.214|218.301|49.741|48.213|97.879|99.458|104.736|201.368|201.818|371.371|242.877|209.972|210.431|211.674|199.065|
289.936|281.336|285.006|304.335|366.526|413.927|290.102|277.521|278.763|310.568|314.47|323.616|295.637|294.821|310.309|322.601|311.757|312.766|301.514|283.659|268.839|319.823|314.277|313.432|299.79|290.684|218.657|227.405|217.281|222.204|267.636|267.614|293.359|308.39|304.354|291.785|323.021|247.259|359.192|235.656|247.408|234.683|164.672|140.586|254.335|354.73|328.03|89.378|88.601|268.812|270.144|203.673|303.123|303.985|434.665|257.597|180.91|186.585|181.776|234.363|
124.477|123.711|129.263|21.346|224.05|243.688|126.119|135.422|142.709|46.898|60.949|51.789|59.011|46.294|44.244|34.575|33.882|48.666|46.357|216.887|155.028|251.944|195.796|194.648|194.737|57.195|253.636|250.88|250.056|174.673|172.53|172.526|143.322|50.3|46.567|112.262|54.387|183.859|55.654|185.264|169.654|185.915|186.644|178.105|278.976|278.677|50.244|263.412|265.649|226.571|260.608|236.273|46.177|46.425|249.771|135.416|142.018|162.525|178.975|50.964|
89.087|85.32|101.258|17.601|181.731|207.094|89.282|97.597|92.919|4.481|10.899|21.116|22.142|22.079|10.883|14.336|2.97|4.604|8.488|204.033|114.59|191.518|176.247|135.391|124.702|15.118|239.515|247.56|264.965|144.14|139.135|139.195|115.529|1.107|0.0|80.76|17.597|136.346|23.967|151.58|124.727|143.696|142.093|176.355|265.747|279.486|21.233|286.933|303.626|245.526|248.676|216.363|5.158|5.747|248.511|131.844|164.816|165.163|194.177|60.661|
100.775|97.712|105.543|5.704|195.936|223.609|106.231|108.644|116.423|7.14|15.777|23.35|19.054|18.106|18.776|8.145|9.067|3.484|8.521|198.558|121.46|212.099|157.433|144.159|125.958|15.189|255.469|244.569|248.189|155.587|144.897|151.345|115.346|10.227|11.783|95.858|27.629|150.022|20.776|173.87|160.471|162.163|171.416|174.502|275.244|276.005|23.759|304.829|292.789|263.036|264.021|238.933|17.903|17.213|320.413|192.813|210.232|224.35|243.308|32.705|
121.301|122.033|115.357|221.194|67.378|31.471|137.937|141.475|140.667|205.023|213.906|226.556|212.49|214.626|201.386|219.26|212.177|207.836|208.351|342.543|128.29|379.661|345.621|344.887|345.736|214.957|352.42|354.502|352.416|172.105|155.278|154.39|103.239|202.773|206.229|122.633|230.008|151.424|226.058|174.645|157.617|181.011|171.057|347.293|416.687|412.809|228.942|371.207|371.631|344.214|345.753|361.036|196.429|203.583|31.725|146.36|152.698|164.523|194.799|204.561|
24.718|26.403|35.391|113.594|128.314|160.76|9.619|20.945|19.357|107.905|102.419|110.672|113.385|113.089|103.222|107.218|102.125|106.11|102.216|274.409|46.943|258.651|226.109|227.512|205.94|113.994|260.086|260.135|271.121|73.603|66.803|66.707|48.425|98.975|99.08|19.708|109.155|63.456|120.88|70.964|53.301|67.332|75.323|276.825|347.967|333.439|110.818|280.609|280.626|274.183|263.258|271.024|98.631|99.83|150.199|4.671|38.392|38.938|60.081|118.415|
18.866|18.631|34.95|102.643|170.301|150.555|11.994|23.464|21.377|108.612|106.888|117.736|109.251|111.056|105.086|105.808|105.999|106.236|105.657|240.603|46.164|280.437|242.838|247.518|249.564|113.522|245.464|246.413|253.344|73.693|69.277|66.795|47.426|103.82|104.01|15.364|120.587|67.991|113.152|83.686|54.348|79.121|76.209|233.531|316.719|318.568|115.555|280.683|280.761|256.682|256.47|266.03|104.03|106.159|143.147|11.758|45.682|54.212|69.366|124.086|
71.767|71.743|67.189|161.939|154.441|185.603|61.558|52.942|52.977|150.164|158.529|168.312|153.084|153.366|142.622|160.454|149.266|153.036|152.661|155.271|55.949|226.251|247.852|262.388|250.252|159.442|124.899|124.822|124.625|27.995|72.578|72.416|79.132|146.046|144.081|69.141|166.988|38.762|165.818|3.859|19.592|18.254|18.683|187.771|185.8|185.834|166.413|197.624|197.436|152.674|152.691|209.972|135.91|135.725|198.566|65.751|53.559|35.327|3.513|161.223|
96.87|98.952|113.962|9.014|191.64|237.909|100.8|111.863|106.671|8.326|20.853|28.382|12.11|11.389|17.058|18.63|11.381|5.187|9.0|184.229|127.281|211.044|169.439|183.258|163.534|0.0|224.892|234.056|242.52|152.04|149.937|149.433|123.541|14.737|14.612|94.049|26.596|148.55|23.681|165.672|139.265|162.051|164.048|143.529|269.252|244.221|31.945|305.7|308.508|195.911|206.126|208.389|19.701|19.627|229.866|113.503|141.746|144.264|172.745|61.1|
129.613|128.87|120.573|241.061|106.272|69.65|143.457|144.323|144.397|225.65|237.274|246.917|223.849|220.534|275.59|261.185|229.611|220.362|244.069|343.648|135.33|403.159|408.175|437.492|432.063|244.79|302.561|302.796|301.769|163.592|158.36|158.432|106.292|249.985|222.643|133.81|248.8|153.078|267.035|181.294|175.08|169.939|170.363|373.833|376.28|378.968|250.689|393.218|386.3|383.84|387.595|396.261|215.63|214.36|66.55|129.2|111.658|180.489|165.667|236.644|
73.949|73.699|73.548|172.896|188.356|155.734|100.849|102.082|96.591|161.588|168.075|176.139|174.157|178.827|154.721|174.243|176.07|163.222|173.928|268.484|78.573|374.054|316.006|329.836|320.323|178.808|298.186|298.143|301.586|117.946|127.541|128.947|49.867|164.375|167.357|80.92|171.415|117.433|181.199|129.871|114.787|117.276|118.595|311.407|418.038|423.585|176.219|359.492|354.877|346.539|346.344|355.211|161.577|164.424|227.673|94.856|83.955|100.806|138.335|180.114|
94.032|89.85|107.907|27.298|181.578|217.327|100.136|107.653|107.596|25.266|38.084|46.981|17.14|16.923|27.431|31.074|25.085|23.19|16.379|275.35|121.566|297.691|166.483|200.919|202.689|16.491|243.603|258.171|297.511|147.134|144.68|138.349|119.275|21.458|20.699|89.514|38.142|141.39|37.934|168.59|135.533|158.759|160.71|148.563|338.736|302.709|49.736|359.833|341.333|257.196|289.006|302.189|15.716|15.408|224.505|117.225|135.927|147.565|155.151|109.214|
104.333|107.188|119.506|12.967|202.432|234.516|110.362|117.657|117.771|15.417|21.232|29.609|27.409|26.449|24.426|14.037|14.832|15.891|11.599|204.426|132.493|215.338|141.215|138.533|121.009|19.902|262.444|252.002|265.762|159.919|157.431|157.791|131.391|18.645|20.372|105.604|32.565|156.037|30.551|178.007|149.762|170.231|176.555|176.18|278.346|288.991|28.761|314.419|314.475|266.085|278.336|236.758|23.629|22.204|224.551|108.596|132.202|137.99|161.322|10.194|
134.153|137.458|143.587|47.393|205.988|247.058|132.449|140.431|139.947|42.956|53.862|60.557|61.874|58.515|52.445|49.527|46.56|45.909|43.57|228.352|158.167|241.389|176.986|160.592|156.907|51.239|270.675|270.759|281.706|188.163|181.958|181.354|153.727|49.839|57.486|125.581|67.879|178.762|57.585|201.671|172.011|206.882|198.887|196.698|306.228|305.821|61.348|347.941|346.286|288.108|290.187|265.42|55.494|55.848|219.928|107.989|119.824|133.801|153.453|51.499|
121.985|123.041|136.151|47.51|211.703|244.401|130.55|136.043|135.128|30.707|41.545|41.109|53.077|48.587|47.55|37.047|34.203|35.602|25.582|276.836|150.8|304.302|185.93|203.327|184.851|43.855|270.716|274.566|276.553|184.851|205.372|204.583|144.368|35.807|31.21|120.182|43.32|175.98|35.642|197.468|169.448|187.217|188.018|193.848|335.056|338.606|51.122|395.103|382.018|275.329|274.122|290.474|44.406|44.16|240.523|127.891|154.02|164.238|180.911|60.044|
95.162|100.885|106.109|21.839|196.03|244.285|100.26|115.473|106.055|16.575|2.089|11.306|35.041|35.027|25.095|10.635|13.177|16.221|17.791|208.471|120.775|233.135|176.137|190.062|176.224|25.791|254.332|254.685|258.07|152.298|148.042|148.036|121.101|13.744|15.915|90.167|13.374|145.636|19.759|167.089|146.632|165.067|165.159|177.212|293.144|282.705|11.476|311.341|309.055|245.99|247.226|233.132|20.503|23.512|229.392|105.806|128.715|143.653|159.008|41.882|
110.016|109.751|123.238|52.662|216.168|251.799|114.793|120.767|120.746|46.278|34.835|21.69|59.932|59.944|51.786|39.369|42.629|45.717|46.132|285.57|138.751|305.152|195.756|213.639|197.604|54.042|273.104|270.956|271.828|176.714|195.851|198.094|135.77|52.942|42.562|105.018|27.438|163.057|43.212|183.051|153.685|179.875|179.791|199.243|335.898|338.533|21.389|375.341|379.12|274.486|286.608|289.449|48.33|47.129|230.665|102.797|127.017|139.496|155.823|69.111|
83.264|83.334|89.505|34.703|261.71|227.001|92.102|112.288|95.341|25.252|36.947|48.542|14.876|14.925|16.447|36.464|28.143|25.186|25.628|178.019|110.496|306.335|247.752|253.188|248.122|23.292|240.218|246.467|256.008|142.845|129.749|136.686|210.883|27.46|24.852|81.502|45.349|130.289|44.457|167.868|143.974|160.768|157.315|151.191|262.429|264.041|48.541|289.071|287.594|242.748|242.294|290.772|29.245|28.324|224.341|117.411|134.676|152.307|173.145|0.0|
88.143|88.367|100.415|26.533|195.854|226.411|93.703|99.39|99.81|17.633|8.01|0.0|38.203|35.669|47.376|12.454|17.472|17.516|18.189|255.099|114.434|284.367|181.194|196.136|180.237|33.008|262.155|253.734|261.056|145.316|168.778|166.304|124.012|21.376|20.847|83.55|5.542|138.82|8.128|161.347|139.815|158.349|177.972|180.625|338.592|322.793|0.145|342.483|346.261|258.169|258.101|269.268|24.269|27.85|254.636|128.931|149.284|154.437|174.278|69.951|
81.461|79.455|95.184|23.987|180.374|201.95|89.62|92.963|92.878|12.735|25.259|36.641|14.771|14.87|4.354|22.779|15.895|12.62|14.347|191.986|109.732|313.253|136.904|248.17|114.889|23.58|252.531|253.03|238.955|143.748|136.807|135.791|107.827|14.284|12.895|75.446|33.152|132.47|33.1|149.467|125.146|140.716|141.681|166.479|267.671|282.106|36.766|289.859|292.324|252.831|254.353|271.84|10.373|11.441|217.789|101.382|125.419|134.45|154.446|0.0|
89.811|81.792|100.61|20.739|235.981|206.4|99.789|102.303|103.346|15.982|31.22|38.427|0.015|0.0|9.772|27.762|19.01|16.016|18.634|245.857|114.042|218.033|152.141|159.399|142.767|6.928|215.961|214.426|214.531|142.851|165.168|169.249|114.027|20.137|20.355|87.187|35.754|138.537|37.019|167.472|139.344|155.541|162.862|142.232|256.154|242.974|39.228|292.612|293.066|240.654|242.491|194.537|16.442|17.276|214.556|107.423|121.189|131.176|150.571|32.149|
146.75|145.332|165.895|66.112|242.017|265.677|158.608|164.62|160.921|68.862|79.323|92.926|74.198|68.024|84.825|87.493|72.987|70.18|76.891|304.122|189.981|345.295|227.215|240.078|223.553|65.835|305.687|305.214|305.802|206.686|202.919|205.928|178.867|81.445|83.548|143.022|80.391|205.191|71.263|217.299|198.369|210.339|214.614|216.111|374.439|377.718|92.911|412.326|404.882|301.571|307.371|329.135|85.472|81.394|251.972|125.343|158.38|172.949|182.567|61.342|
128.122|150.822|142.541|21.265|208.181|254.233|146.508|161.833|158.848|32.19|46.868|52.859|39.266|41.716|38.567|32.255|35.936|32.769|36.962|210.224|152.972|249.619|197.643|194.123|196.364|23.305|271.785|256.547|256.938|193.646|203.502|191.225|149.703|42.756|43.409|119.4|50.367|182.48|40.599|188.999|170.525|198.22|186.421|193.242|301.004|302.387|52.658|346.099|331.487|266.612|273.245|234.828|45.236|45.472|257.087|131.672|164.314|166.54|193.889|67.504|
219.433|207.282|196.912|178.876|310.479|316.603|186.304|179.993|183.409|250.872|251.727|267.081|183.018|169.007|179.058|259.834|251.276|243.823|249.505|0.0|187.344|73.4|62.292|100.605|90.72|184.205|50.025|49.95|46.458|159.237|209.417|204.942|216.037|247.824|246.52|201.549|269.889|161.481|255.605|141.683|160.682|152.07|152.979|32.068|80.14|79.852|275.84|195.372|195.291|23.477|21.175|59.541|192.851|245.43|366.649|235.808|228.386|228.49|188.686|185.243|
123.918|116.44|133.609|22.681|230.522|261.762|133.711|133.225|145.301|36.014|40.087|51.969|44.436|46.404|40.389|38.93|37.463|32.014|34.76|269.207|154.999|304.729|194.252|195.869|191.742|41.317|281.38|283.097|281.437|182.073|170.135|170.098|155.593|43.119|46.13|117.624|51.685|177.32|42.055|195.39|168.579|195.182|195.059|183.284|294.307|292.449|56.042|334.841|348.98|259.951|269.885|300.236|47.362|44.23|222.946|119.342|135.625|143.968|171.031|38.393|
181.414|192.584|192.03|44.803|280.662|368.928|202.324|202.155|202.781|70.987|87.271|96.826|91.869|91.864|78.934|86.041|76.139|70.563|84.631|340.903|204.844|333.725|218.702|209.271|188.022|80.975|323.109|322.81|338.269|246.576|229.775|230.377|205.886|72.951|86.636|181.584|93.611|233.86|81.341|259.646|240.83|251.826|258.7|327.488|413.919|418.143|96.952|453.094|452.179|332.695|338.816|367.375|92.409|77.208|250.712|110.033|133.202|134.513|162.953|20.383|
255.376|245.13|241.621|181.423|377.241|406.532|251.964|237.996|261.637|176.381|183.62|191.069|157.216|168.603|157.768|177.487|180.309|165.242|257.532|42.785|227.247|85.357|45.263|81.715|72.957|154.333|186.703|187.269|186.608|191.396|228.307|229.259|239.495|245.476|168.302|246.887|199.786|188.157|196.54|208.942|196.627|195.946|191.545|12.242|120.333|120.33|191.328|243.325|250.978|57.907|59.551|70.057|251.631|232.788|352.969|255.872|210.593|214.339|210.884|174.897|
93.815|93.992|108.806|41.604|191.731|224.207|91.372|102.781|102.662|30.344|53.5|51.05|35.415|35.571|24.346|34.969|26.931|30.377|31.627|270.57|121.749|245.542|176.988|194.607|187.431|41.758|254.233|254.386|250.704|158.697|179.274|179.265|121.247|24.328|23.754|90.223|44.156|146.59|43.15|157.589|136.248|158.931|158.945|179.772|279.331|279.384|51.077|316.078|316.102|248.506|249.193|228.593|18.738|18.524|207.375|84.043|117.152|119.303|146.245|33.989|
117.007|102.059|132.243|57.47|204.544|248.774|128.858|125.339|123.413|28.844|52.425|55.327|33.348|33.233|50.32|40.832|30.293|42.446|43.784|332.258|156.183|402.277|196.225|208.745|204.72|35.817|277.31|266.194|277.758|175.013|171.826|176.706|143.101|40.117|35.163|120.008|52.0|174.639|57.595|191.368|182.599|186.988|198.592|202.054|397.22|409.833|59.511|391.06|386.742|330.621|317.946|299.667|38.985|35.012|223.633|113.035|132.48|145.639|162.689|58.229|
250.98|256.805|243.934|129.935|332.597|371.125|250.743|242.906|246.689|112.559|156.114|135.437|112.781|101.204|105.976|124.161|138.844|113.275|113.42|95.826|251.419|93.531|20.626|24.361|0.0|114.68|131.112|129.143|131.156|239.389|288.833|287.546|257.632|125.716|133.186|248.898|150.515|254.332|135.783|255.265|255.673|242.538|241.749|58.032|170.759|170.947|146.731|299.528|298.11|109.414|111.098|117.727|111.041|130.215|574.041|461.067|479.944|480.751|501.048|113.627|
131.216|132.398|144.224|62.3|227.464|258.249|136.81|136.692|136.354|51.081|56.693|66.443|59.81|59.703|49.342|55.836|47.62|51.378|51.618|230.72|161.713|270.283|201.563|218.597|201.926|62.784|274.795|275.065|273.143|193.477|215.311|216.209|155.702|38.618|44.86|126.036|64.95|182.146|64.085|192.076|170.579|186.557|209.391|194.609|304.261|301.357|65.553|351.954|349.612|240.646|242.426|253.031|43.667|44.507|243.718|130.631|151.336|153.761|180.875|84.054|
113.75|111.767|128.218|14.474|186.827|202.399|136.672|140.977|134.267|10.954|24.999|33.801|16.731|16.67|19.281|24.987|13.792|10.943|14.576|206.546|141.541|192.05|147.997|130.775|111.575|1.776|255.492|241.452|241.708|169.762|167.837|167.885|113.766|25.942|23.716|117.034|31.957|173.434|31.166|200.066|164.648|182.243|189.661|167.478|254.443|254.132|35.309|307.505|307.452|259.416|258.01|207.797|24.004|24.036|207.714|135.251|139.919|141.945|166.334|57.128|
166.011|154.165|156.125|240.08|260.699|262.187|154.802|147.713|141.38|251.334|247.95|262.302|229.185|234.715|242.98|260.135|251.695|247.036|247.898|47.076|136.331|118.094|229.613|248.783|238.028|240.977|0.39|0.41|0.0|98.927|156.648|158.59|156.473|220.895|225.339|162.544|254.619|107.773|253.944|104.243|124.931|109.026|108.666|80.27|77.014|76.698|265.802|206.633|206.556|46.577|46.857|101.431|221.625|215.893|286.776|155.445|133.958|146.176|110.348|259.274|
195.99|187.711|177.293|295.091|262.574|295.98|267.499|178.635|179.269|276.67|295.971|305.79|281.899|287.113|275.844|290.179|281.507|278.807|279.452|176.447|166.772|247.19|233.874|247.509|261.656|295.987|128.466|131.838|127.926|140.415|189.946|191.987|194.071|272.598|277.374|191.843|303.171|142.744|300.771|150.404|153.34|134.004|220.886|212.172|0.261|0.0|297.992|340.35|338.888|63.709|63.583|231.833|274.655|271.723|387.132|290.367|255.48|248.937|247.137|341.438|
106.497|107.008|114.429|27.23|200.244|274.377|109.64|126.136|115.398|21.184|27.265|30.608|38.997|38.982|32.925|27.028|24.748|21.172|19.141|262.805|126.401|244.138|181.762|196.01|183.524|39.922|250.643|256.111|268.23|158.34|183.965|181.574|137.845|25.085|31.175|97.384|30.784|154.863|24.461|172.667|147.417|172.749|162.249|181.83|274.812|276.228|30.516|309.516|310.672|225.953|226.691|229.151|34.773|29.798|255.42|133.51|152.114|176.349|185.811|50.851|
116.453|117.575|131.504|35.119|215.012|244.305|117.18|125.778|121.411|27.866|36.419|44.563|39.031|41.972|51.485|35.073|26.853|27.848|23.434|201.807|145.069|240.748|181.068|178.264|180.521|47.301|248.512|262.373|265.436|175.096|168.844|168.843|142.581|25.836|25.986|112.758|45.053|167.642|41.99|185.397|165.553|177.03|177.271|173.586|292.658|291.103|45.979|315.402|319.008|220.919|233.792|241.791|31.973|34.589|219.761|97.469|124.554|136.241|146.609|26.981|
125.563|125.428|137.513|66.872|229.196|266.513|185.636|138.561|171.651|58.984|49.135|45.361|77.462|74.993|66.031|53.95|56.941|61.337|65.285|278.011|151.169|330.498|224.792|224.412|224.58|73.41|292.379|299.034|290.171|209.51|177.293|177.404|151.646|60.91|60.976|120.602|44.985|178.877|62.42|198.556|197.516|189.123|190.412|228.217|359.886|357.889|45.069|381.867|381.897|294.451|295.943|306.987|62.64|64.582|281.381|153.247|178.958|181.463|206.546|125.647|
130.408|126.415|135.192|25.875|225.642|245.152|125.017|133.345|141.586|37.874|50.081|57.621|55.167|56.622|64.153|44.455|38.901|46.731|42.934|217.193|160.574|261.541|199.593|211.95|197.958|67.29|259.788|259.787|258.352|187.785|174.958|173.027|145.583|50.977|42.22|120.908|59.598|182.673|44.368|182.316|172.982|182.247|190.141|185.945|350.884|287.654|54.571|271.903|269.131|236.859|271.141|245.779|63.394|55.201|244.313|116.773|143.987|146.068|170.144|47.311|
138.619|141.402|154.448|34.392|232.54|259.922|140.851|150.714|146.944|45.885|50.995|62.851|56.859|55.355|53.866|46.266|49.818|45.952|43.032|295.118|182.373|335.278|211.11|193.653|212.927|42.576|288.027|274.673|269.654|198.751|228.002|231.728|168.167|49.173|52.859|132.766|62.591|192.294|48.819|201.81|178.31|206.964|184.578|196.875|316.039|314.352|63.482|410.878|406.025|268.117|288.42|248.198|55.736|54.997|253.984|127.408|158.49|157.617|190.059|49.505|
49.963|49.531|36.387|146.484|158.309|154.446|62.231|44.784|44.582|135.477|153.085|154.378|139.421|139.801|128.886|151.433|135.036|134.952|135.584|242.428|29.172|275.027|254.449|273.008|258.054|144.796|241.443|232.447|232.912|49.87|73.988|73.789|51.294|128.918|129.19|53.745|153.842|48.946|152.596|66.801|50.12|61.343|75.75|248.042|314.3|314.781|154.395|270.142|270.001|223.071|225.089|257.763|122.454|122.711|158.458|54.384|21.793|40.236|71.81|167.434|
223.988|220.865|220.842|147.45|303.228|329.547|221.588|214.099|230.127|154.973|152.47|160.563|133.946|133.799|134.144|152.921|144.08|152.442|141.183|32.137|226.589|75.965|255.624|286.862|285.014|144.598|72.737|71.872|73.763|176.453|222.254|222.22|227.276|144.119|142.46|222.941|159.152|226.971|157.128|175.735|183.692|188.686|184.357|0.675|103.427|104.154|160.504|92.706|92.699|50.364|48.531|61.418|140.333|141.094|313.255|202.792|200.071|180.142|148.69|175.329|
99.51|86.927|103.056|25.115|182.231|208.222|96.754|99.256|98.132|14.044|18.745|28.654|30.21|29.904|17.166|19.736|10.038|17.701|16.301|210.217|125.042|252.988|170.796|200.425|173.857|22.708|248.265|253.239|251.249|152.308|150.116|150.153|112.419|7.441|7.582|85.998|25.148|147.225|36.519|159.908|132.165|160.382|152.596|168.548|267.832|266.143|28.594|315.792|303.937|222.067|215.292|237.226|14.785|15.514|210.614|130.62|127.032|150.347|173.818|39.697|
107.374|107.298|123.403|31.611|205.225|250.74|107.458|118.932|118.889|26.615|15.452|4.901|43.035|43.837|32.126|21.39|26.585|26.593|25.377|270.904|136.764|258.477|190.755|198.577|185.623|38.987|247.987|248.013|265.418|171.134|164.129|163.902|135.041|24.564|23.593|103.607|5.334|158.059|25.77|174.106|160.938|177.325|176.659|177.424|279.587|274.916|4.886|314.531|312.404|231.186|213.772|235.273|34.57|36.941|223.94|103.975|136.599|139.198|166.306|36.572|
218.031|216.218|217.408|272.973|392.95|386.357|217.012|201.571|209.508|289.59|300.839|286.199|264.18|255.175|278.591|298.578|267.418|289.453|266.281|143.283|187.052|187.226|144.424|178.852|172.221|267.051|154.486|154.516|154.947|153.395|202.154|204.585|223.289|267.887|264.206|215.432|305.255|164.578|280.554|175.92|176.536|162.161|161.98|112.167|183.919|183.935|286.22|20.831|20.934|154.666|161.073|172.245|266.175|265.582|442.586|270.429|189.103|210.438|191.35|270.66|
116.228|111.891|126.968|20.453|208.204|239.089|113.299|122.179|117.936|20.868|22.037|26.762|43.988|39.276|31.227|16.843|22.381|25.564|27.098|217.572|141.547|238.005|167.383|162.933|151.701|31.234|284.802|270.781|266.175|167.706|165.119|165.151|137.686|24.001|26.972|108.415|30.615|163.805|4.341|179.804|159.179|168.366|176.491|207.812|308.046|311.131|27.501|318.291|320.635|255.162|250.399|254.255|34.785|31.673|260.781|149.639|169.254|190.441|208.351|56.538|
126.957|106.968|132.423|55.173|195.726|227.417|130.509|135.235|138.32|44.689|58.369|65.045|31.74|31.739|36.057|56.686|48.085|44.865|42.218|204.694|152.388|336.9|276.377|273.563|184.621|40.527|269.58|253.285|261.766|177.747|168.69|168.637|152.802|43.969|44.863|122.528|62.344|173.827|64.89|198.607|164.863|178.813|187.477|171.326|274.324|274.371|65.058|315.992|336.083|324.068|304.228|235.444|45.729|44.918|215.823|120.827|137.863|138.818|173.822|20.552|
115.191|116.265|130.097|22.658|238.026|230.325|130.093|136.021|133.031|29.525|37.028|44.37|43.027|42.36|35.23|31.974|28.867|29.882|30.461|211.981|144.831|224.19|165.343|152.566|144.99|29.278|272.854|289.923|283.706|170.49|168.637|169.21|140.803|29.977|32.442|116.171|47.186|166.118|44.703|193.402|166.634|184.006|180.69|174.81|287.787|288.492|44.41|318.279|319.592|272.06|283.665|252.438|42.673|34.315|223.451|99.924|122.514|129.194|155.645|54.32|
95.606|94.052|110.965|0.0|203.063|218.72|99.113|105.804|105.209|0.075|14.585|22.005|13.663|12.92|12.985|4.526|6.518|0.054|1.078|267.623|124.476|247.799|144.504|156.368|132.533|6.88|253.889|239.108|256.282|156.131|175.161|173.682|121.603|6.89|16.111|92.706|25.055|146.654|13.604|164.433|146.794|164.775|154.319|166.969|270.561|269.764|22.038|298.045|298.136|251.928|254.208|220.078|11.974|11.447|219.885|98.73|124.232|124.269|151.698|57.012|
94.243|102.304|106.247|34.599|209.905|242.741|99.319|116.242|105.178|27.352|13.433|4.724|51.027|51.008|33.985|23.501|26.408|27.358|33.711|208.28|119.903|255.225|192.604|187.796|191.94|38.059|266.128|278.599|280.001|153.285|145.973|146.044|120.484|27.553|26.25|89.52|11.289|143.036|27.926|166.484|145.606|164.781|164.724|188.416|285.965|293.308|4.77|306.885|320.92|262.443|264.102|234.796|34.553|37.265|229.481|93.305|116.568|133.637|146.381|51.277|
268.559|255.269|240.671|175.051|358.996|357.851|244.063|247.196|240.485|177.183|280.147|287.235|170.556|184.851|260.101|286.856|266.76|187.291|278.219|55.129|230.55|95.707|54.94|65.343|80.973|163.42|96.082|96.709|104.79|206.433|250.5|262.393|253.262|246.194|189.28|249.543|291.611|205.646|293.58|204.572|220.02|203.819|204.239|22.122|132.378|131.399|293.347|259.148|259.001|69.272|70.085|82.052|203.554|192.768|365.882|241.62|222.825|240.363|193.762|132.631|
127.032|112.871|128.958|29.562|217.487|246.285|112.908|121.789|121.821|43.609|29.425|39.037|50.486|49.898|28.552|209.041|27.081|40.544|17.318|221.741|158.044|252.977|186.266|183.33|196.38|41.947|262.633|260.698|271.42|193.676|188.751|166.743|138.537|23.225|47.307|129.944|42.456|175.023|45.665|175.559|184.681|191.085|193.98|174.74|286.359|290.67|59.118|329.76|343.683|211.901|228.841|236.737|29.865|29.633|272.095|146.458|179.501|204.614|208.762|82.632|
99.811|96.343|110.774|0.0|241.95|293.204|109.816|113.579|112.984|11.621|26.432|35.85|17.603|18.018|21.61|31.788|14.578|11.3|29.091|265.085|132.576|270.614|162.051|142.728|140.392|10.792|276.278|278.744|270.084|152.822|152.712|149.172|119.508|18.372|18.381|100.771|37.043|146.246|21.543|168.457|165.838|175.965|165.245|256.242|343.51|349.768|34.309|360.319|366.397|278.275|292.133|301.228|23.881|22.568|297.425|128.785|132.865|165.967|160.84|73.831|
261.318|237.269|231.359|208.665|372.298|345.124|227.731|213.324|230.269|224.075|210.288|204.191|211.93|212.438|228.057|208.196|205.755|223.81|206.507|56.632|227.572|96.252|59.661|98.157|88.985|209.59|94.958|90.933|102.14|194.563|238.44|238.528|244.712|207.573|211.733|235.779|209.362|212.408|207.644|175.681|193.807|191.494|194.249|27.72|125.493|130.613|206.96|145.628|144.11|71.172|68.137|2.186|212.106|215.087|337.727|226.674|215.361|204.008|172.293|222.085|
170.225|169.795|181.065|62.696|292.156|279.991|183.136|184.18|183.397|74.026|93.998|106.307|77.399|79.676|83.951|80.404|86.074|84.437|75.467|246.498|191.726|288.316|229.665|242.351|241.075|79.451|309.041|308.042|300.313|230.657|239.057|242.467|190.341|85.357|89.24|173.141|90.481|225.775|89.179|251.608|219.303|231.539|179.994|218.424|320.363|316.691|96.288|423.481|428.116|267.786|318.409|279.075|92.731|87.892|300.533|186.164|198.679|205.241|231.424|52.965|
196.702|202.55|175.84|249.961|261.943|294.181|205.106|184.009|195.364|251.003|238.306|253.704|221.21|233.996|222.99|240.94|230.993|244.375|252.015|49.583|161.902|116.117|114.99|126.936|136.151|227.765|31.601|30.294|33.477|141.551|188.104|188.059|192.407|245.113|251.088|200.596|245.715|140.438|239.321|167.815|165.544|136.456|135.323|81.824|79.488|78.776|255.116|202.35|209.457|55.911|52.944|102.924|227.558|234.736|307.655|201.757|164.694|165.049|156.842|242.092|
154.387|142.25|159.741|32.109|243.706|269.29|136.102|160.032|147.648|49.992|51.806|61.018|52.774|52.553|52.371|46.433|47.19|43.845|43.704|235.755|163.506|270.661|214.548|207.394|209.433|51.268|271.522|271.662|289.82|201.408|198.703|192.338|175.25|50.374|50.563|130.585|62.849|185.791|49.069|199.805|193.174|210.359|196.312|211.075|297.991|298.398|60.995|345.343|345.545|256.425|237.498|252.113|56.595|55.993|270.091|144.152|180.551|175.058|212.521|63.509|
104.418|113.851|117.098|51.556|204.369|231.01|108.468|111.413|113.219|40.129|47.46|58.197|52.986|53.261|39.648|48.799|37.914|40.072|41.459|281.425|129.433|293.586|163.891|164.219|154.852|49.759|280.739|270.166|270.308|167.037|155.813|155.723|127.034|33.727|36.437|110.676|55.192|155.652|59.554|169.563|155.071|175.328|177.338|279.938|364.98|365.039|56.401|397.08|391.528|280.396|269.418|315.378|29.422|30.36|183.016|68.441|90.823|91.853|119.777|60.168|
30.829|29.182|17.001|133.057|102.732|143.25|32.24|21.045|21.627|119.204|128.903|136.664|119.119|115.83|110.472|124.872|117.83|117.541|118.202|212.02|4.817|254.603|234.492|276.106|261.795|126.348|208.821|208.84|208.89|36.622|22.988|23.749|31.258|110.855|110.798|34.173|131.277|22.777|135.42|43.196|25.634|39.24|38.254|212.382|288.023|288.031|138.24|241.03|248.83|206.449|208.317|238.071|104.798|103.933|142.867|32.69|0.0|15.405|42.781|138.823|
2.273|2.134|14.52|108.238|103.396|135.043|16.844|22.277|22.721|92.745|98.78|104.746|98.363|94.111|88.258|99.692|91.967|88.614|98.407|235.527|27.948|278.169|260.102|265.47|242.527|98.382|236.222|247.789|235.084|60.902|56.299|56.336|27.928|89.909|88.963|6.822|98.685|55.203|113.15|86.209|61.14|74.174|75.11|279.424|311.826|311.577|107.001|271.07|265.919|264.633|251.086|264.832|87.536|81.408|133.156|20.702|32.728|53.302|65.837|103.003|
37.988|36.777|52.46|126.27|131.598|163.609|43.611|40.551|41.897|114.787|114.838|125.559|117.436|117.194|107.412|124.685|110.006|115.024|111.766|279.985|66.035|297.696|265.251|272.743|207.48|122.591|248.344|248.361|248.462|95.381|86.022|86.204|63.928|107.151|106.941|32.568|121.839|84.135|127.138|108.854|83.235|103.796|106.347|237.467|371.175|365.973|125.846|313.193|312.616|291.444|307.346|293.492|101.098|101.267|154.616|40.004|57.561|54.848|77.572|120.204|
8.973|8.581|20.981|97.264|101.989|137.201|13.532|20.183|23.161|81.881|91.366|99.646|88.419|88.417|78.947|98.467|81.731|83.756|86.183|221.674|41.32|296.816|233.055|248.516|232.264|99.384|145.896|145.977|146.496|65.408|63.127|62.157|31.812|75.855|77.923|3.864|100.853|59.529|99.069|71.011|68.488|74.283|66.698|226.664|256.842|256.944|99.578|297.777|295.232|217.861|228.756|280.059|72.48|75.935|114.965|7.255|31.086|42.597|52.867|103.748|
20.903|24.819|24.074|114.628|97.797|132.345|9.901|0.134|0.0|99.674|98.79|109.086|103.944|103.871|94.118|115.563|94.661|100.306|99.981|259.653|27.723|267.776|233.414|226.606|232.236|110.281|130.533|224.207|124.781|50.816|45.398|45.56|37.003|95.961|93.593|15.923|107.86|42.572|116.301|45.861|31.789|56.899|53.611|223.467|233.574|340.054|109.158|276.687|271.579|208.049|197.361|280.533|87.798|88.498|134.12|7.258|19.538|22.536|39.828|125.054|
61.23|62.463|50.045|156.773|131.598|167.27|62.24|45.581|52.829|144.46|146.628|154.855|150.525|152.561|144.659|157.274|148.826|143.275|140.035|274.046|33.737|276.829|271.101|252.707|233.138|155.451|176.871|238.25|180.198|0.0|49.644|49.824|59.684|142.099|147.789|65.297|155.281|10.684|171.072|26.479|26.65|8.061|9.803|167.494|351.707|274.264|158.926|227.218|234.903|212.663|285.449|284.649|134.055|135.013|190.468|89.022|55.618|59.138|49.749|182.281|
85.79|78.633|71.916|147.332|128.194|163.591|77.671|65.834|66.413|134.112|136.081|144.326|139.229|137.013|129.756|146.408|129.748|134.074|133.377|304.131|58.387|288.695|282.847|278.358|265.568|142.015|264.614|213.172|264.692|43.479|86.703|86.779|80.561|126.737|126.284|77.142|140.456|54.648|147.202|49.819|46.119|36.325|35.663|263.696|371.182|302.253|143.68|240.318|245.528|320.767|326.672|309.977|120.647|125.275|167.766|69.761|52.726|38.751|54.439|136.395|
69.575|68.038|60.841|162.217|154.799|186.237|55.038|44.764|42.334|147.665|146.433|154.459|149.071|149.136|138.511|156.731|140.386|146.159|151.153|167.965|57.575|256.108|239.932|273.988|256.815|154.339|108.999|156.11|156.21|27.012|72.615|72.592|72.76|141.147|140.898|66.186|150.803|38.899|156.614|3.782|30.138|17.572|17.512|190.352|180.413|185.74|154.266|225.793|213.216|171.298|173.749|238.836|134.416|134.262|196.571|61.207|49.672|38.345|5.748|160.639|
20.802|19.103|6.323|118.82|88.658|124.352|32.044|30.26|30.265|107.932|112.277|122.693|109.722|109.76|99.52|120.442|111.358|108.045|110.356|263.303|19.907|271.653|229.342|230.525|217.715|115.355|240.408|252.907|240.489|56.33|74.423|74.642|20.332|109.489|109.893|26.879|118.924|46.144|128.355|74.042|51.954|68.785|65.92|253.039|359.679|324.933|122.404|284.676|284.667|268.781|276.696|276.082|101.665|101.535|110.839|9.267|0.0|16.256|42.971|119.057|
25.211|23.054|13.327|122.094|72.133|114.115|41.119|42.479|38.172|121.697|124.656|133.919|129.505|129.149|120.741|128.223|128.412|125.609|122.486|223.936|27.056|275.728|262.115|312.715|289.942|124.481|172.069|156.425|167.813|59.429|81.207|81.639|0.16|128.031|125.894|30.3|134.389|48.051|136.529|71.737|54.413|67.129|68.661|245.072|252.067|244.093|133.855|274.357|271.332|214.498|216.446|283.826|122.055|122.161|110.393|40.547|29.091|50.729|72.775|126.77|
9.446|9.23|0.0|104.554|82.426|132.192|27.803|24.188|23.846|92.661|97.058|107.434|94.403|94.416|84.101|105.343|96.023|93.108|93.737|245.828|13.619|277.437|226.652|223.346|244.938|100.828|152.815|158.362|151.598|47.836|68.059|68.013|13.952|94.631|93.81|16.471|104.028|40.831|110.648|77.569|47.986|70.415|80.58|218.607|259.759|177.67|107.248|222.995|228.628|176.753|262.247|252.721|86.29|86.675|135.283|26.623|15.409|35.145|60.802|113.121|
83.575|77.372|67.73|174.198|147.181|181.906|75.6|64.393|65.598|163.11|162.185|170.296|163.017|168.419|159.543|172.44|150.385|162.973|157.54|273.825|55.038|250.057|243.616|276.507|262.217|173.632|263.013|181.293|250.57|19.005|66.096|65.994|80.633|159.703|155.043|84.779|164.678|31.206|175.982|25.364|25.235|9.655|0.0|253.265|261.911|345.212|170.258|254.025|253.881|268.753|222.264|224.407|144.605|149.771|189.457|63.803|41.585|35.632|24.986|158.531|
53.636|48.623|40.982|153.246|116.476|151.299|53.65|44.014|44.077|141.404|144.848|153.168|143.192|143.033|132.819|154.212|150.869|141.279|143.796|263.253|25.038|271.05|278.74|271.838|245.139|149.431|254.857|258.634|246.299|9.065|56.177|55.988|50.764|142.656|142.61|60.046|149.472|0.0|161.704|32.888|24.421|18.373|30.351|235.065|347.081|325.397|153.11|242.738|219.99|293.571|272.857|282.126|135.136|135.534|178.982|63.993|32.38|44.172|51.021|161.019|
28.326|28.728|39.437|120.61|111.822|147.065|17.364|7.008|7.577|107.169|106.189|116.418|109.305|111.453|101.25|114.062|102.188|108.609|111.145|206.613|28.818|270.469|248.322|263.428|245.252|119.206|145.614|145.613|151.061|55.382|78.183|77.428|45.695|99.186|101.17|27.947|113.046|49.181|121.424|56.02|40.654|55.371|54.914|229.043|221.319|225.314|116.681|256.3|256.676|170.079|176.32|254.539|97.211|93.741|147.497|16.959|26.432|37.322|51.748|127.765|
58.271|55.337|45.677|141.845|135.955|168.335|46.362|35.002|33.574|132.265|138.205|149.556|134.574|134.65|123.785|136.233|127.121|132.286|126.498|182.242|37.361|236.147|242.19|263.201|241.761|141.133|122.608|122.646|122.372|21.8|65.239|65.26|61.813|120.483|124.026|53.982|144.336|32.153|144.16|29.474|12.857|28.136|28.114|201.524|195.965|196.029|147.943|219.611|219.507|157.761|158.192|219.47|116.165|115.223|171.442|53.282|26.85|12.546|30.381|138.866|
35.19|34.942|28.186|119.408|113.551|160.069|33.203|22.0|21.967|108.242|115.787|124.986|112.25|112.421|101.816|112.825|106.427|108.189|109.984|200.373|16.955|264.349|245.998|265.556|246.775|117.837|143.423|143.371|143.095|43.551|67.433|68.148|40.768|101.561|103.407|36.936|122.19|33.088|122.738|48.957|30.354|47.21|47.126|219.733|216.705|216.363|127.018|252.784|246.569|183.408|183.197|244.687|95.6|94.783|152.432|36.395|13.647|22.513|52.733|116.96|
245.371|262.732|238.325|202.09|320.357|359.498|264.88|259.31|253.607|185.154|190.815|215.827|181.426|178.92|192.209|202.313|204.341|199.277|195.19|52.996|223.409|89.105|76.929|68.776|89.921|187.524|73.407|82.303|103.212|198.501|243.24|243.219|256.001|198.516|203.248|260.617|196.654|193.892|195.125|236.144|224.155|210.857|197.506|33.366|74.489|120.373|210.7|258.99|257.109|68.068|56.922|62.392|195.511|199.334|365.736|242.958|225.537|237.117|231.288|179.27|
210.289|236.008|228.797|187.025|351.147|357.578|240.482|248.385|220.349|151.171|195.305|189.525|176.123|155.483|183.466|175.972|152.699|149.767|156.435|323.742|257.85|322.187|302.59|360.402|319.57|180.797|332.18|358.635|334.494|275.99|268.579|289.482|261.797|168.383|168.63|231.117|164.864|261.495|170.68|297.093|261.588|306.458|296.002|240.659|342.7|406.15|189.595|353.688|355.598|319.887|389.402|345.486|144.095|162.939|343.098|241.779|248.458|258.081|277.793|192.245|