21789.677668574008
22929.608571811328
16943.899635518464
17493.46977530696
33156.583924949286
30634.248346729062
12600.517014965924
21597.97972824755
18509.711181474842
23345.2940842969
20182.208116257414
27738.461807691307
28788.084454485048
22579.502323250726
14917.685445389565
19593.384875995336
26772.229307263828
30962.154444422315
20426.439700616287
22710.39200351494
22635.442016428493
21227.61526763419
21181.42037164346
23751.196660937887
20002.930517441986
23671.8779364737
16509.339676479587
20060.766384989023
27465.14104813601
20155.88005450676
6434.39868306622
23722.86463757839
25855.806790622475
9961.160707021514
21487.983296723414
28057.017541371828
10643.326369187505
18678.228565283884
20069.303397110507
6893.728261863398
15.823432653910563
15281.0435749412
20109.317549315598
24343.275552341627
24434.664519963586
18876.851851225696
21221.362338236526
8947.200191019381
17384.615404388136
17824.09235736164
17719.606935382966
17718.988874199127
19322.274845960084
20777.27273709808
22762.379408248653
18977.258194519072
12470.286432710176
21389.481249381577
26269.2044189523
10256.20535153918
25619.698769349514
5251.838565022421
29883.257394837237
31000.489402477047
24758.213446734764
25799.032704670954
28116.642309895808
22217.931535559594
16602.47169847274
34460.83266055046
27193.114061205535
14172.498917952935
35804.00841219768
19160.625119603585
20867.888078268294
20372.69102092531
27243.397399880203
16381.85114144081
16942.283575075573
16670.47463428212
5302.436012300435
