16254.390015028255
24707.842821419003
14837.1116026623
13369.829665766296
28354.63810006761
19695.36717875674
8906.247469830416
17295.79226292631
15676.420157936902
19007.01744125326
17519.71171702828
24033.827062523284
22422.418796013288
18965.7867164723
16858.42975424832
15164.403164781661
28193.872535148486
26308.847143938336
18222.584510325254
19317.205887521966
19619.03882074941
18403.103711769898
16845.191762689952
20466.80874048613
22163.297929792978
18825.250532199225
16766.47413299988
15235.215183977645
24142.087760298058
15724.591704561113
4780.515747297801
24200.7766968777
22948.395748213858
5799.315529836423
17584.88161266703
21166.51295395567
7337.867306937482
15533.278507933474
16390.079656384227
9079.358964981255
14055.148898291369
12742.043346874776
16614.10930016117
20765.100981940668
17115.421082329573
14824.742755705833
17404.01533691015
5313.111096058363
15398.021050215733
14999.0081126574
16594.8797926535
14624.898606732431
16583.72464251114
18225.19146176709
18515.229228930064
15581.57227297152
7729.47122918261
17682.984025418606
23035.77744086683
178.65590031686745
22317.8626559753
6800.27466367713
25282.5007184264
26787.419438803237
20464.38178019669
21910.96774881959
22232.126583999303
24226.301336686698
19940.323807391458
27890.37908256881
22709.182873496848
18761.968104117812
27482.40028040659
21574.754272461716
20302.48631627024
17455.450416106185
22144.890486193715
18840.768337518253
18974.42388294765
18823.047123225533
4441.32137200726
