9984.475774872471
9134.504656859617
8499.005262532355
23372.20208157188
27486.08815077755
24686.119442466173
21869.354608644462
24911.875027420414
9509.23672986686
10148.970563222676
8457.721067045339
6872.523161423906
4006.3080398671095
3381.0901056851308
6353.42456762415
8990.040411827356
7562.649616051044
3693.4196309426593
7192.514510683859
10720.258655536027
11363.032103071902
9146.495991588909
8750.276957489816
9600.235698502333
16073.978090491975
8670.01266024589
6650.524596597182
8930.053829263425
13119.913747918734
10024.43725598273
17345.497732637596
12541.705353779333
12860.846293342656
19825.3860830206
9327.119119531393
10107.716799727732
16058.078690707462
9558.364509653986
8973.343225302617
14006.314985827923
11765.783136310638
7664.932577863302
9797.123623816766
10257.582580068127
10138.027851967769
10044.531039729502
3463.3425382675923
19661.05437278584
7296.966304048471
8609.06714557713
21512.694789525427
7919.780494254043
10762.755869017632
10165.512456092947
10230.497459653316
7995.579795808704
23857.813855180204
10347.97077740031
9139.122825245704
19999.653558253096
15221.729985849663
12712.491228616509
17574.49338552247
10789.950602099483
2686.9112394428057
2310.6328060394267
4842.569433790042
2751.874062689209
2630.178274373803
5847.936880733945
5901.968473376347
5715.724594515115
2023.9355064844024
12.162242654280702
1120.8419129577771
6272.020629489676
3984.614039971991
3382.306480275701
5344.083763050271
3136.1616478180636
18223.213113143196
