3240.4477432919643
14400.620934816725
2672.3588228302788
23068.500400302284
29103.89063556457
26750.06816563231
17940.047750583013
25036.027213956673
3071.549414412696
1939.591973144349
1327.618622578355
14287.451021840265
9356.104696345516
7917.394314868803
12313.59389675789
828.7740122736724
15690.939773700758
13244.894466131569
1020.4898181874066
2157.9873901581723
4325.250759536401
3078.250032855829
2530.9118090684287
4238.613307144611
1137.6171763517816
2493.715782168747
917.1478456360661
7.831525716947236
4989.567739093427
2793.393750095693
13569.48363150702
3740.4336649899174
5738.363870742206
13956.949288108402
2736.3559857221303
2347.3613210624085
6307.996661184782
3665.097662970751
1314.853572823116
21009.96479839078
17406.564059625376
2167.6114603378232
2884.0088983724154
5072.6487373689315
3943.0112927616483
3306.326542688081
9439.286275048693
11574.602747427674
1941.02847700358
2794.67477625806
24584.73947627134
2259.1788467405677
2235.5669986436737
3058.252364225885
1086.9635385534966
3385.0016120365394
17413.353558543786
3727.112943478787
1377.8886356166709
17361.986345615136
6371.7567857296
15460.311202458064
5270.14180250706
4523.856282715025
9956.648821570803
7786.306359537973
8877.488459260267
7648.4486671945115
7383.1648119741985
14948.178715596332
10037.690773981372
11715.507189769189
10925.986680686996
9817.134228485615
7584.9634499585345
13100.435831458855
11227.076274117755
8249.659790921714
11641.254731119974
8648.214987474357
12736.267788811689
