16701.87983744082
2315.783810076679
14056.74769557868
37961.355154172496
38235.45089587559
33027.650727439206
32023.66381574479
35150.43920409823
16168.3962003586
18192.756016411782
16396.082656363822
2094.994879969505
13300.032637873754
10733.353452988338
14901.86852379246
17312.564446923974
4955.580342433629
11534.502031508295
13105.240838930127
19134.27996485061
18261.775649825588
15484.12921728029
17651.063216326864
17804.5941566413
17302.52841869553
15829.00232573406
12455.817580780333
16164.269079779095
19487.436613829304
17023.992551253195
25419.88927195925
21099.547388481395
23045.40523061461
33652.70195662761
17247.48155775215
17571.76497114253
23132.0428133493
15853.605453068249
15964.310035142524
23469.05668830575
17944.136386607082
15256.855206328843
16786.852995255715
18027.373660773752
17071.758405621553
15525.01142857143
10428.108583173014
28508.252016880157
13515.410364454236
15985.052658688914
37223.41996603808
13752.541279365403
16018.335175353614
16628.705755201296
18400.98027495517
16108.819720580334
33710.317954885024
18396.168409248326
22422.15892537187
28206.05624014573
22391.115947000555
19436.784431572825
27005.05177624734
19621.412287978033
12313.64882750598
11172.829634273214
12393.441723391239
11868.473320602985
9407.100605950895
16389.390825688075
11984.81802023448
14630.008264275857
12378.537679635472
8674.339503082763
10619.72005144169
14149.519236887492
11875.898661132343
10885.630868185708
14553.513666268704
12313.634684178513
25590.558895272883
