4666.50550683327
15600.141361206444
2900.473357191908
24006.253866471125
31650.881423258958
29822.380404924203
18823.64858944461
27430.754751796845
3608.509914927708
1545.8580529653113
2025.8905845143802
15311.41629919691
9030.63611960133
8596.877505466471
13407.2898662794
1935.3827052797078
17702.058710660254
12695.921672409328
2300.036792844299
2656.994947275922
5017.409148193991
2744.5570095563526
966.3520865184335
1940.1286520991898
3456.6031042128598
387.45613459248074
2044.7401061551354
2800.0837048373146
5896.6885233661615
3372.6834550548892
21669.246645546034
4166.113136259889
5847.491730210405
16538.276723866275
3396.770821892733
3672.9392078730552
9381.527582489105
3987.2048843433377
2520.622413119875
22791.624851421777
18380.099238002753
1711.7580215237685
3095.71268699067
3042.8587128204153
4150.252322878187
3738.5292138630602
10387.32683690418
13767.824695689871
1632.3229046176443
340.05053394530853
29409.67825542944
1760.9929828129766
4391.25961635342
3406.673655768711
2107.8847878063357
749.1625470177323
27470.370431106738
3171.2354629110464
2832.78547725321
17110.593139130833
7235.841730629046
16234.595322620828
6302.649556557499
4687.870598667087
11284.459875242599
8164.737842452049
9229.348911956342
8724.215857047491
7666.703474690117
15214.688807339451
10289.92792910401
11846.459813450561
11838.211005958641
10215.447675413308
8357.148976574803
12809.442947963005
11732.492116119562
8367.572346410918
12478.664261945285
9399.715260667415
13998.647472283556
