24458.959028596022
28593.13021345003
18804.713003803285
95.39231868551205
7943.264452332657
7675.172041916777
4099.802448660765
7523.945197878627
17625.48128028078
26672.881581499434
21468.69153242538
24739.12625076887
23216.81362923588
20015.987837099125
15851.927575866168
22450.031870974286
27485.149838939134
26284.1092981338
20583.043852234365
25658.17552724077
25596.407494092495
24202.912734919173
22331.085995136415
26807.40486128161
21921.06359904283
24208.038365234028
18029.880755058333
22951.539157628584
29698.138382624147
22197.087784973894
15679.81224375699
28129.828040862456
28245.750639078855
20775.94834273928
24316.65119897492
27316.920290985407
18581.052968912252
21462.27365704454
24250.411557985164
18489.377708695254
20545.484464438476
17275.054835720905
21919.89685151976
25832.135464043084
18741.594649292412
24251.670752324597
18230.318334986317
8019.148873188872
19728.142463049666
19916.225535554964
2016.87836267763
18443.11563103834
23672.32942453013
23073.48889489327
25082.27256425583
21296.94787748522
24398.43974344958
25671.276559253278
28019.43958397388
11777.722687403371
34236.79687834998
13838.998972346786
34652.087400287375
33255.410199937076
21389.21631935995
22000.90107237175
23680.77659419516
25538.830732926588
19303.87226917177
23016.18385321101
17987.59344262295
16749.366893129943
28336.988433228176
20625.03514919557
18366.961358637516
19748.079191341865
17267.655083394497
18998.947327524802
18977.622742398456
18967.823816249314
18302.08514930463
