55.234
241.302
38.712
264.225
254.375
276.562
217.438
244.264
51.108
29.001
53.88
219.664
112.685
106.251
193.459
34.994
222.695
179.399
79.822
42.229
27.869
31.857
8.585
30.439
55.04
40.405
36.15
42.372
92.22
57.183
214.848
35.03
61.935
191.246
44.537
89.516
225.463
70.697
39.056
282.025
294.198
19.44
26.226
14.886
56.888
48.98
173.253
179.453
27.576
0
293.302
41.686
57.537
51.025
45.058
6.937
262.335
32.934
38.762
221.408
54.674
232.892
57.331
29.726
140.614
107.766
112.044
108.067
117.567
179.689
143.725
173.822
123.459
139.913
123.688
173.184
161.891
133.991
163.665
137.561
219.271
189.098
