172.473
183.606
151.892
181.536
191.245
200.842
235.836
251.44
169.08
134.071
170.007
156.474
56.151
62.152
51.851
149.396
147.933
103.93
190.682
147.732
138.067
148.761
138.122
147.035
147.629
156.661
124.025
145.293
210.247
188.557
187.571
163.753
183.27
192.747
138.506
204.308
260.292
173.86
151.478
118.533
153.045
157.301
145.048
165.437
172.987
176.3
59.762
194.637
148.225
163.316
204.684
160.507
154.307
164.445
167.438
148.922
270
148.436
151.256
200.543
177.937
163.63
177.283
130.02
21.341
49.996
56.815
62.576
43.887
10.591
42.189
42.373
40.632
53.222
44.877
18.15
0
39.908
20.589
31.313
195.686
302.674
