213.642
389.664
291.097
135.838
128.921
150.381
90.29
121.57
206.021
220.122
284.865
355.164
252.89
264.481
248.199
265.314
374.823
300.739
208.428
278.613
202.137
214.029
203.128
297.019
210.313
265.32
262.892
173.103
241.867
296.008
47.701
175.546
302.479
55.538
270.307
310.818
360.027
206.825
178.063
89.527
108.993
182.841
214.929
208.605
184.772
227.758
262.68
85.845
163.165
159.001
152
286.717
253.99
216.519
272.483
218.653
50.486
292.179
267.452
58.882
214.314
76.73
321.264
245.9
239.845
257.348
264.009
260.248
221.779
173.002
229.794
216.859
258.157
239.489
242.847
209.397
186.493
236.622
229.346
225.233
0
334.527
