168.613
376.805
158.491
89.111
80.781
103.544
65
70.668
177.908
154.003
174.821
336.237
225.663
230.927
210.404
151.443
339.187
302.682
187.13
152.469
148.899
228.494
160.006
177.644
248.377
296.646
160.357
135.038
213.989
251.675
27.441
165.479
180.383
9.784
219.861
204.487
290.927
188.159
147.972
64.278
59.18
172.996
160.758
188.492
264.163
172.818
256.083
5.627
155.679
237.964
112.006
166.159
231.019
170.26
164.882
238.014
0
178.462
235.676
23.854
181.506
117.497
260.085
158.658
234.73
219.279
229.076
223.335
238.67
162.44
196.173
187.393
213.66
243.255
292.691
170.342
175.218
229.052
232.694
209.917
44.028
353.452
