117.354
146.907
88.661
185.479
195.168
200.106
231.265
204.64
99.823
69.146
101.49
107.227
11.59
9.615
74.329
88.736
109.922
72.36
125.788
93.602
71.986
91.489
76.136
91.981
84.993
92.157
69.966
85.964
137.586
109.549
210.106
87.76
127.738
229.989
72.453
127.421
192.643
107.593
85.728
139.557
189.848
105.049
79.567
97.586
105.484
105.041
60.101
206.041
68.322
98.924
208.645
96.91
96.736
112.587
98.705
92.991
220.513
85.596
88.543
226.545
107.371
166.173
117.957
64.413
27.904
0
3.659
0
16.954
67.36
31.89
54.914
9.757
21.786
12.752
66.487
52.196
21.892
51.079
29.676
251.173
241.373
