253.279
36.347
230.585
384.626
403.95
417.926
385.898
380.422
265.439
217.505
266.526
61.347
162.424
150.737
199.182
231.769
0
185.505
273.112
234.74
222.164
237.337
231.618
248.454
211.91
243.078
213.112
228.249
281.956
260.764
345.035
239.912
268.71
332.086
223.354
288.788
326.946
255.914
232.708
273.421
257.977
255.156
215.643
248.724
259.685
264.626
131.87
361.935
224.092
242.503
410.589
236.698
217.52
251.117
245.339
246.331
357.488
233.291
234.278
374.053
248.332
319.168
264.746
220.944
175.502
160.248
148.795
141.83
134.823
175.092
161.016
196.045
126.048
108.058
129.698
188.855
160.1
154.277
172.156
149.953
389.283
372.855
