205.76
172.344
165.238
291.431
292.993
308.107
288.971
293.727
182.882
149.596
187.27
169.556
83.07
90.618
95.265
155.82
124.083
115.091
204.071
173.596
153.243
164.972
166.153
182.528
158.412
181.432
147.39
165.434
211.9
193.995
230.182
182.297
207.766
259.054
152.818
200.218
270.467
185.934
160.024
167.374
194.772
175.087
156.115
176.809
192.476
181.114
0
266.651
144.195
178.056
314.17
179.697
169.268
181.491
171.892
171.737
261.863
162.643
161.658
254.4
192.478
206.289
189.925
144.356
43.363
65.251
74.776
70.948
57.38
59.499
62.785
81.117
53.848
64.207
61.642
76.411
62.435
62.984
61.259
50.355
264.442
317.397
