35.403
247.798
11.463
252.447
273.007
312.204
224.091
254.435
13.044
21.097
10.616
205.064
102.465
123.73
192.778
14.252
226.032
166.257
75.924
43.377
9.008
23.567
22.178
66.45
36.43
41.936
24.21
48.264
63.661
23.052
179.979
0
78.026
179.718
33.916
84.211
153.252
68.684
18.492
264.574
294.095
30.46
19.56
35.094
28.258
14.044
157.91
176.371
19.78
29.574
292.708
44.891
54.837
50.437
16.226
39.619
179.6
0
11.474
188.604
49.657
240.011
56.819
33.642
146.88
99.975
129.603
90.957
114.431
152.008
137.266
171.566
141.332
136.088
105.497
162.661
146.818
118.988
147.625
144.412
206.124
241.846
