68.489
237.731
58.04
258.05
254.738
273.83
217.389
245.536
72.46
51.888
69.49
228.979
118.357
120.356
171.595
57.432
224.538
198.969
94.87
58.173
49.582
57.589
68.811
72.678
26.611
73.796
43.445
37.228
107.262
90.665
209.034
74.5
97.067
190.486
59.8
112.662
171.613
94.398
41.471
258.361
301.818
67.443
53.243
80.4
82.051
81.892
170.467
166.335
47.637
73.287
284.663
72.091
0
73.693
67.308
78.59
247.86
71.574
57.937
194.649
80.607
274.237
94.146
54.536
137.329
105.508
120.477
118.202
115.898
184.54
151.176
177.197
131.133
129.37
122.747
184.021
169.028
141.74
166.494
142.013
263.89
210.059
