0
260.815
55.587
275.878
273.198
287.917
227.934
256.13
60.639
58.415
55.558
234.493
139.882
131.603
205.269
57.141
258.675
211.055
101.147
71.676
53.549
56.674
67.504
79.679
63.264
79.575
51.049
53.326
83.148
32.05
211.48
58.222
82.507
285.726
67.535
106.741
156.648
99.307
45.055
287.353
288.33
73.127
56.562
69.457
63.855
41.55
213.65
298.845
52.484
67.36
298.652
60.138
72.478
30.116
72.243
70.53
181.664
64.134
55.64
227.692
34.624
305.979
161.287
67.43
161.828
129.126
130.943
133.825
143.165
190.548
191.628
201.982
141.733
149.989
137.583
192.173
187.23
159.869
193.066
157.889
224.606
218.437
