54.895
249.513
33.271
266.48
258.404
280.858
217.86
251.427
59.693
20.753
49.289
203.768
106.803
98.281
153.947
27.984
229.954
178.635
85.734
41.779
23.093
31.762
27.045
39.649
42.849
42.456
27.949
43.493
100.839
63.281
193.926
46.689
57.451
264.838
33.838
99.085
154.632
51.843
42.4
261.474
279.944
44.407
27.767
46.969
63.648
54.48
153.044
194.237
0
36.655
289.453
45.847
51.678
45.53
40.53
34.939
170.338
37.659
40.184
211.426
57.234
254.057
143.631
21.233
139.304
105.078
104.241
91.511
106.345
159.331
136.093
161.537
125.647
126.581
112.411
167.385
159.526
133.76
146.828
119.606
177.56
217.834
