52.254
262.424
24.992
307.431
307.169
312.724
297.163
293.24
37.812
44.511
30.046
235.842
120.522
122.418
172.13
38.523
249.108
197.019
96.128
31.337
43.325
46.589
46.055
55.434
59.514
65.454
43.235
48.637
66.046
30.154
211.441
29.049
21.443
195.344
56.417
105.298
149.128
90.534
36.835
245
330.378
45.33
49.812
47.658
0
22.649
188.395
174.458
50.004
54.63
328.152
37.189
70.812
11.199
24.189
52.264
186.402
49.182
25.731
193.131
76.869
229.513
51.092
47.502
155.025
122.288
132.701
114.345
134.428
188.793
159.331
191.978
150.553
132.917
130.489
191.177
179.004
153.946
175.391
147.678
189.194
209.25
