117.365
178.046
100.393
277.094
279.455
292.52
261.856
278.894
112.663
92.027
116.728
133.127
5.419
0
70.258
95.507
140.372
83.513
142.405
108.877
92.552
94.094
107.168
97.934
98.893
106.883
89.106
98.058
164.935
123.557
223.458
106.93
129.582
248.286
79.27
165.904
205.695
128.122
120.536
187.214
195.452
105.24
93.692
107.298
118.109
133.571
82.256
211.758
79.627
114.07
270.486
107.824
101.655
139.307
109.532
109.476
230.735
110.704
113.319
229.776
122.912
205.763
129.62
81.375
38.397
11.866
12.813
15.658
18.482
74.669
41.475
72.081
34.659
43.833
25.678
59.053
56.634
21.952
45.503
35.399
243.204
257.612
