37.213
243.617
0
253.026
244.863
268.941
207.771
236.126
7.596
17.752
37.73
198.296
118.483
100.553
145.116
13.819
237.028
185.137
65.31
15.119
11.529
38.603
18.813
43.54
48.231
48.123
20.135
34.698
70.229
50.441
237.446
0
4.262
195.145
50.022
87.705
169.537
57.541
20.633
245.693
284.309
24.593
35.857
32.804
17.701
56.247
167.384
147.167
22.765
26.209
276.113
35.41
55.103
38.67
29.151
37.997
161.466
17.587
0.452
195.773
38.329
283.324
152.653
22.394
140.208
90.254
123.278
107.339
125.933
153.434
149.365
151.072
128.61
121.29
108.578
174.93
147.33
134.529
163.315
123.148
165.793
201.433
