71.501
277.306
0
282.666
275.276
295.845
234.263
264.798
48.275
45.431
66.048
241.053
128.204
127.377
223.645
44.986
253.445
201.658
93.621
40.031
39.905
47.04
58.668
67.63
70.455
68.911
48.448
57.161
122.54
56.48
221.318
36.722
32.508
279.981
60.961
100.605
182.075
87.446
51.466
294.162
312.986
62.626
47.642
84.034
52.241
77.499
183.429
183.068
46.604
66.399
302.896
63.078
73.816
62.784
57.318
68.66
189.633
42.829
28.598
220.364
73.903
277.855
163
51.007
156.326
122.875
129.836
125.311
140.981
186.875
164.786
186.73
151.465
147.004
134.856
189.207
177.544
154.442
173.825
150.788
227.975
238.824
