39.448
238.448
26.845
227.826
233.783
261.505
182.365
207.483
41.88
13.998
41.229
210.998
95.438
91.238
175.639
10.792
202.97
166.718
55.021
19.605
16.087
32.783
28.227
39
14.26
39.956
11.599
0
80.262
50.615
232.272
40.679
56.371
149.137
25.399
80.315
146.813
60.335
6.801
201.988
246.603
51.645
0
0
44.57
41.736
153.524
142.063
27.391
39.634
252.243
33.354
23.915
42.529
33.531
37.623
135.261
49.23
20.336
242.423
48.46
214.698
48.784
15.331
118.1
89.1
94.94
99.091
109.703
143.126
163.985
191.666
142.237
113.141
97.263
149.234
141.509
112.155
132.697
111.64
169.481
172.744
