149.085
178.158
124.349
256.892
257.41
271.583
256.915
257.905
135.049
112.119
142.917
148.392
25.188
32.685
52.632
123.143
137.706
149.144
156.033
121.658
115.065
119.59
122.831
130.702
105.19
120.247
102.407
123.428
180.492
140.131
198.537
126.28
159.345
265.441
102.609
163.728
227.687
145.328
119.547
151.886
186.71
138.414
114.871
139.548
143.358
148.486
62.772
209.918
103.415
128.431
250.265
129.559
126.074
143.448
131.601
134.828
254.018
133.167
124.229
229.978
160.503
201.497
147.03
103.667
34.55
35.369
25.225
37.216
0
67.621
37.426
64.605
31.312
42.178
32.576
60.982
52.55
20.591
48.054
25.296
228.013
262.787
