43.048
249.115
0
299.662
301.473
314.104
282.821
301.168
15.176
17.403
37.789
212.262
99.783
100.545
222.653
16.503
221.316
167.058
65.091
15.015
11.55
18.056
30.236
39.15
42.069
42.235
19.98
22.366
94.293
28.355
192.903
8.682
4.01
249.063
32.55
80.436
153.685
58.904
20.829
252.603
288.411
34.213
19.293
55.707
23.597
23.447
159.144
154.644
20.146
38.054
321.706
30.063
45.392
34.331
28.815
40.243
238.049
14.316
0
191.818
34.707
217.848
54.815
22.574
127.523
94.321
101.72
96.913
112.52
163.414
134.402
158.264
125.529
123.661
106.004
163.135
149.847
123.809
143.46
122.332
265.443
210.237
