227.567
406.337
205.143
43.732
34.477
58.254
0
27.008
224.495
199.25
218.445
364.259
231.435
262.462
205.606
192.686
369.363
291.868
322.651
200.68
192.783
274.787
208.068
225.731
290.789
274.893
205.584
181.285
332.437
221.325
74.117
215.069
233.285
56.402
206.253
250.162
98.656
234.785
196.333
111.083
115.128
219.453
208.919
228.342
293.002
217.932
276.843
52.229
203.723
213.724
66.74
206.651
202.6
219.899
210.245
212.607
259
226.418
280.561
69.107
226.849
258.528
285.474
205.239
212.703
249.368
243.969
237.543
242.798
176.668
209.668
219.445
226.461
268.524
239.269
215.765
226.216
259.642
198.33
220.86
93.205
368.42
