164.905
170.523
149.931
124.464
134.112
138.826
170.249
143.082
171.346
134.908
165.162
178.749
47.057
68.34
31.457
159.808
147.807
96.404
173.432
151.921
138.902
135.245
148.666
142.443
150.193
143.073
134.661
140.478
199.335
188.524
136.66
148.305
173.099
174.919
140.56
197.378
247.524
179.083
160.092
89.925
131.279
166.338
142.681
170.201
171.602
176.935
45.149
168.933
134.785
156.343
147.343
157.479
155.644
161.703
156.342
158.549
157.166
152.884
149.923
239.412
172.966
132.245
266.272
127.639
21.533
51.7
62.767
65.323
46.023
0
24.51
17.191
44.102
45.032
44.335
1.219
0
37.324
5.095
36.757
199.253
285.209
