200.257
356.813
157.501
216.381
211.962
230.671
210.411
211.676
194.773
156.059
171.753
338.716
207.102
214.277
147.629
148.981
319.165
303.196
215.659
161.68
159.743
351.541
161.578
168.762
148.46
266.768
167.19
159.757
231.338
174.422
46.406
155.959
196.982
20.042
160.879
213.078
282.146
189.145
139.753
75.93
191.188
168.9
171.051
171.492
173.32
179.876
256.508
0
155.502
168.453
233.52
162.85
156.787
175.687
162.838
167.422
159.885
156.553
155.103
33.717
180.807
62.962
175.345
158.23
271.132
240.039
236.834
228.17
253.668
183.114
183.951
156.645
217.61
228.481
260.61
178.322
236.473
218.483
212.685
232.847
84.783
219.6
