40.897
221.571
18.671
246.251
239.263
263.643
203.65
230.279
47.455
4.427
33.91
187.035
74.936
75.206
131.524
15.762
209.938
138.303
53.872
20.66
7.857
15.465
17.287
32.49
18.487
31.706
2.852
20.503
75.717
47.897
182.36
27.296
46.672
247.612
7.874
68.291
133.024
42.7
28.488
248.936
259.957
31.687
14.486
29.494
42.002
41.527
132.199
163.699
8.495
25.497
272.297
26.258
29.676
30.556
25.31
27.334
157.464
22.973
18.822
150.326
44.327
185.842
47.451
0
102.215
69.922
74.062
70.755
80.353
132.462
120.623
130.521
84.484
92.577
83.97
135.472
120.852
89.304
118.567
94.721
195.27
158.174
