252.01
443.753
221.272
396.517
416.198
411.744
397.237
397.945
241.312
202.136
247.757
381.096
271.585
256
348.881
213.627
426.956
380.252
256.69
242.245
224.919
209.166
229.209
241.46
224.606
227.624
200.573
243.579
272.861
264.008
350.074
260.494
264.111
396.688
222.16
260.33
343.58
234.311
217.353
367.315
448.452
224.178
207.728
243.314
238.23
271.002
322.418
250.148
215.111
219.374
439.709
238.446
249.1
254.535
225.411
218.915
368.428
237.207
221.481
268.579
256.332
439.592
256.81
223.867
299.858
281.472
293.069
280.076
280.217
328.674
294.003
323.438
298.415
299
293.869
360.45
351.561
299.092
303.988
300.374
330.857
