97.484
278.146
80.138
287.721
284.856
304.581
255.354
272.99
98.479
64.15
95.122
230.372
133.452
148.696
220.411
81.211
251.14
204.449
99.409
70.266
49.334
64.192
70.716
96.655
81.615
82.623
54.965
72.326
118.741
87.072
360.792
66.211
84.916
302.451
67.957
0
182.14
90.998
45.129
297.69
324.453
93.76
65.696
85.944
89.609
90.005
186.04
284.79
57.131
77.436
321.307
75.164
118.603
67.643
79.172
77.542
198.643
70.323
79.466
211.919
84.643
313.418
195.351
54.336
165.379
139.198
146.597
129.553
143.085
185.896
171.025
199.134
155.213
154.424
141.038
200.281
193.323
160.227
172.325
153.305
298.405
214.161
