43.783
233.797
14.257
244.647
236.38
257.589
199.217
224.946
34.003
9.046
29.385
196.611
94.835
90.927
190.451
8.588
213.49
161.313
54.872
17.113
0
15.824
22.053
27.428
36.244
30.12
11.682
20.771
77.169
51.028
195.359
22.59
47.27
170.688
25.177
80.249
149.196
57.324
12.385
254.422
300.065
32.023
7.688
34.273
44.197
42.543
146.054
233.9
10.922
29.8
267.356
21.78
42.827
26.806
20.653
31.852
153.077
14.57
14.341
182.695
36.522
199.626
138.126
14.355
119.426
88.87
97.169
88.404
106.051
150.195
126.293
165.15
110.39
110.467
97.672
156.131
142.358
115.424
139.294
114.394
207.927
178.675
