214.467
351.722
195.033
123.033
113.854
137.522
77.445
106.453
204.339
203.288
216.496
329.525
222.636
218.985
136.281
185.013
324.465
298.833
295.872
194.025
253.711
260.211
246.841
319.346
196.991
311.243
191.036
248.272
237.54
287.834
0
191.649
227.221
48.339
200.836
349.465
97.207
225.956
178.917
47.197
62.768
275.567
241.858
273.408
207.489
277.305
230.588
45.669
245.026
215.232
149.785
270.886
194.625
202.21
248.236
261.995
32.196
248.769
194.706
41.689
214.169
24.429
276.254
238.894
185.851
209.675
198.485
199.757
188.656
150.161
185.906
137.889
215.802
217.06
229.698
175.201
184.216
190.671
164.013
191.904
39.893
342.173
