56.051
273.867
0.053999999999999
273.464
265.156
286.525
225.086
255.58
36.832
36.377
14.464
245.482
139.859
120.531
196.406
36.45
250.664
194.283
92.77
40.874
30.501
51.027
49.492
76.056
63.427
69.88
39.232
54.273
111.079
38.87
219.345
8.588
0
287.718
67.261
102.312
183.792
92.283
40.025
282.329
318.406
51.563
62.279
75.649
16.839
85.676
194.005
270.73
38.442
57.255
293.645
49.212
81.42
7.253
48.213
59.423
181.828
71.861
0
195.565
44.901
236.587
55.783
41.395
161.149
131.891
131.902
133.494
134.064
177.783
172.475
195.06
145.523
137.307
134.431
193.727
177.142
169.906
176.221
156.019
296.669
209.211
