83.295
267.619
61.924
294.038
285.9
308.295
248.369
274.221
65.608
60.721
74.363
241.855
142.407
134.032
170.393
57.496
270.62
210.678
108.293
69.754
55.976
51.732
52.214
38.674
80.444
47.555
68.76
79.7
127.567
71.185
307.59
79.246
82.85
226.545
75.184
109.282
194.732
95.442
66.604
296.936
247.049
0
62.415
32.826
69.158
65.886
196.048
197.213
56.478
52.039
316.885
53.332
89.603
80.213
65.802
48.463
202.38
60.236
61.787
221.23
92.629
306.264
78.74
62.062
164.964
137.473
138.04
125.858
153.833
202.206
176.528
207.37
154.015
160.103
140.31
195.871
183.596
153.953
183.585
161.122
201.98
259.519
