192.659
181.66
244.231
296.189
323.739
289.553
297.376
200.836
176.826
182.879
146.458
146.458
83.917
189.466
138.91
169.792
213.848
0
226
203
171.528
169.885
171.35
161.169
150.458
170.237
164.126
166.107
224.036
205.085
292.584
192.961
217.706
297.805
155.248
227.996
277.076
188.196
175.873
194.042
237.987
183.664
162.32
177.301
191.46
196.253
106.131
292.958
174.655
176.822
287.57
204.597
185.116
189.523
188.437
163.049
321.01
174.24
154.277
309.359
209.458
254.692
194.464
170.8
87.883
83.258
100.302
94.606
152.651
119.453
115.91
110.064
119.616
113.636
68.872
113.584
99.572
76.653
196.016
91.075
304.614
345.696
