117.905
306.867
77.267
334.014
345.779
348.188
336.221
338.236
107.233
69.479
100.152
283.383
164.065
168.412
171.655
63.495
275.501
224.911
0
67.143
79.148
85.996
72.743
98.867
108.784
105.42
79.717
87.705
141.767
116.23
271.308
117.988
100.405
324.343
86.785
145.833
210.106
112.487
88.776
282.278
325.43
102.53
80.828
102.39
123.208
109.404
221.346
222.305
88.111
91.157
343.58
86.136
112.176
111.351
91.979
102.114
228.087
121.884
82.794
238.941
106.161
317.677
113.376
83.53
182
161.832
153.377
155.284
164.716
195.201
191.656
217.558
167.234
186.103
173.034
211.078
210.281
181.853
198.214
186.909
232.496
245.173
