122.856
138.596
112.233
234.989
248.792
274.562
236.419
235.104
134.704
88.751
120.65
108.186
22.181
21.965
36.85
99.226
99.071
118.657
138.211
103.563
91.15
104.859
92.839
107.846
88.042
102.305
82.654
96.916
157.406
132.607
201.367
103.646
132.004
225.022
87.247
128.491
208.998
125.989
98.509
135.265
202.2
107.97
97.254
115.336
120.01
123.678
34.187
200.325
99.558
109.872
259.438
107.82
104.423
127.421
114.833
96.786
206.119
106.287
108.531
243.892
127.621
173.059
136.303
77.483
7.211
2.62
20.595
7.992
6.635
36.41
27.607
58.031
0
0.627
0.217
47.229
25.677
16.427
38.903
16.383
234.4
251.464
