246.154
364.305
239.485
21.836
12.676
36.504
32.263
0
257.947
233.465
255.594
372.06
209.769
282.948
208.801
232.522
377.029
294.829
322.457
233.926
228.732
298.007
239.898
257.268
312.559
308.246
241.346
215.445
334.441
254.752
107.307
244.526
270.35
88.765
241.442
284.95
627.903
268.482
226.894
120.602
140.425
255.266
237.763
263.093
308.433
249.806
289.055
86.467
237.382
246.505
44.965
252.147
235.768
250.224
246.445
244.321
76.415
238.64
303.731
104.683
263.444
240.073
291.175
237.105
188.253
243.733
222.293
215.877
249.043
154.994
188.025
212.107
204.127
291.46
247.109
194.498
199.895
266.983
176.619
202.783
123.976
388.173
