258.312
363.632
242.725
9.003
0
23.524
37.444
8.619
263.183
240.238
259.954
383.083
204.477
278.341
204.269
235.833
412.98
292.672
320.888
238.336
234.687
292.998
245.01
252.843
314.492
330.838
244.112
232.643
336.844
260.117
113.81
251.961
272.976
95.547
245.696
289.179
144.148
272.062
232.437
107.618
148.011
259.37
247.509
267.187
291.33
286.807
287.82
90.01
239.731
250.131
37.288
248.367
241.359
255.661
251.116
249.434
83.019
278.703
300.032
108.188
268.444
227.594
286.804
242.087
172.617
230.055
209.268
202.863
245.922
141.984
174.834
171.442
205.147
286.143
204.394
240.136
245.388
264.185
156.531
186.129
129.867
364.757
