192.321
202.411
153.636
205.688
206.573
219.674
205.507
206.683
158.226
143.668
166.805
184.003
65.037
69.948
0
169.687
188.291
123.133
205.558
172.247
143.031
151.834
166.036
158.854
156.125
159.839
144.271
166.479
227.003
185.649
161.658
191.272
191.53
206.335
161.846
198.812
263.395
172.48
166.86
135.597
163.917
164.894
309
329
165.653
193.276
78.204
159.063
147.797
179.764
198.189
178.442
160.561
170.195
184.351
176.514
240.874
173.917
153.576
201.911
194.55
138.279
203.916
132.432
55.471
70.036
62.271
70.408
50.233
33.019
42.039
3.375
74.413
81.124
64.194
26.646
41.377
61.338
45.197
55.621
215.948
291.759
