130.497
183.079
100.086
188.125
205.297
253.714
233.82
206.941
111.087
88.108
118.35
142.656
0
7.528
64.739
99.659
144.293
96.663
139.688
115.533
92.254
99.077
99.421
106.165
97.186
115.375
88.094
97.527
157.287
128.26
210.895
107.312
148.838
244.968
86.813
148.248
203.601
126.264
106.84
168.035
188.806
116.622
101.919
115.998
119.172
124.295
76.07
222.631
91.866
112.199
216.19
106.649
107.247
116.549
110.611
109.184
227.785
110.672
100.12
224.662
141.552
190.536
141.611
81.785
35.722
15.433
2.669
20.04
13.254
57.303
36.645
66.81
35.252
47.789
24.477
56.388
64.698
17.37
43.286
25.179
252.825
241.446
