175.276
357.487
154.046
375.634
369.23
392.322
331.8
360.083
177.041
140.919
172.449
312.483
209.362
208.521
211.532
153.034
333.844
278.19
187.867
159.981
147.043
152.335
151.871
159.889
153.465
164.216
139.018
149.652
208.095
186.137
364.856
158.538
188.009
301.238
142.873
198.528
0
170.075
154.654
370.872
392.97
168.493
149.331
169.232
177.784
177.342
265.151
284.006
139.891
165.522
403.055
157.473
161.067
168.918
165.541
162.847
376.095
159.917
153.957
286.71
185.311
359.27
182.824
137.062
235.124
207.501
209.833
201.269
216.359
259.583
243.009
264.416
222.317
231.827
219.165
282.837
259.043
227.971
257.169
230.111
362.306
294.035
