261.214
346.023
254.84
0
10.193
15.126
46.42
19.432
274.148
247.091
268.101
371.82
188.256
279.58
205.914
244.08
373.868
247.527
312.924
247.339
242.327
293.794
256.181
270.203
313.681
322.814
253.635
230.32
334.6
268.268
122.204
261.73
284.595
104.463
255.484
298.978
148.593
282.662
242.837
99.093
146.829
267.756
253.185
276.382
295.663
267.593
281.487
100.456
252.739
263.306
28.77
260.983
249.354
266.621
259.702
262.151
92.21
272.982
300.654
118.624
276.394
217.995
368.054
253.441
169.489
221.549
200.647
194.397
245.195
133.649
166.493
191.367
184.645
286.697
243.906
173.684
178.417
261.955
155.111
180.933
141.271
369.161
