180.525
193.527
140.016
228.422
229.136
263.114
228.556
230.669
156.254
122.742
155.463
157.966
40.706
48.23
50.707
142.446
156.058
115.752
175.916
137.734
129.64
134.616
136.011
141.015
136.794
133.417
121.218
136.272
195.705
169.514
172.421
167.962
178.954
234.565
123.873
191.93
246.791
165.098
145.133
136.278
167.043
153.311
130.834
153.63
160.698
162.429
64.46
208.48
124.913
145.473
253.703
143.051
144.078
153.458
145.434
138.689
199.165
170.522
138.321
224.908
167.451
182.376
168.018
117.434
23.244
50.019
39.617
44.929
28.935
36.137
0
34.822
44.81
52.035
44.826
28.952
41.633
20.31
15.346
24.387
229.371
266.65
