43.937
208.117
21.852
244.555
237.69
256.896
197.458
227.918
39.999
8.369
39.852
181.801
81.89
70.645
151.534
20.428
195.657
144.826
57.259
26.498
11.804
27.161
18.772
37.214
21.859
34.275
5.996
16.678
77.676
52.457
191.008
27.932
60.25
169.801
0
60.42
131.826
46.634
23.822
251.533
267.594
37.631
18.122
35.849
43.621
44.495
138.921
149.463
8.765
28.194
266.227
25.205
32.451
42.666
30.215
29.437
233.219
29.904
23.703
201.716
54.248
220.256
50.616
0
103.439
72.921
75.238
70.073
79.943
145.45
109.027
139.343
89.405
106.672
93.934
141.781
126.367
108.099
128.513
97.42
206.589
161.024
