39.099
256.546
68.255
304.957
303.932
318.363
306.68
304.903
48.697
52.241
49.517
228.451
135.413
137.856
199.332
52.475
254.402
205.042
92.44
60.466
48.53
56.858
56.218
70.738
70.583
46.044
55.247
59.218
0
38.426
223.13
52.382
84.6
214.107
59.832
107.988
185.288
94.724
46.648
287.092
323.675
72.188
49.098
72.568
36.713
50.919
178.687
299.081
54.693
65.595
328.025
64.49
69.331
18.944
57.35
67.291
192.847
54.771
70.387
226.717
82.771
240.487
61.377
55.359
154.236
129.702
134.445
123.244
142.837
184.937
160.51
185.218
142.085
149.2
133.933
191.183
185.303
145.5
189.965
156.822
218.993
213.165
