143.288
153.242
123.726
165.256
168.487
189.684
210.999
183.893
143.53
110.078
136.905
130.911
33.76
36.717
53.491
126.073
154.072
69.249
165.886
133.27
112.934
122.343
120.463
127.675
115.271
137.49
100.844
112.865
175.51
153.657
183.468
144.839
166.154
212.788
110.217
162.963
231.006
142.523
120.027
139.632
188.302
134.435
117.611
141.474
149.774
151.225
30.486
211.661
120.271
139.377
188.136
133.922
122.046
140.155
129.523
135.889
233.673
149.064
123.834
265.418
159.437
202.106
160.089
104.22
0
25.945
29.503
32.278
20.081
26.232
15.277
48.727
16.208
25.36
18.923
49.884
15.526
16.763
26.2
7.088
230.392
264.727
