76.876
285.861
55.947
292.409
279.573
296.24
239.431
263.317
61.26
55.459
71.257
249.79
132.356
137.154
217.214
50.059
245.494
213.382
103.071
55.414
49.51
51.091
63.831
78.673
80.212
56.825
48.771
61.209
117.299
71.873
220.697
63.963
83.916
293.064
66.563
104.296
184.195
93.655
54.576
290.869
319.034
52.449
31
56.948
62.026
63.253
195.168
194.984
52.288
71.487
307.892
0
83.738
63.243
62.445
69.032
194.756
73.769
55.959
227.542
79.49
238.866
71.855
51.304
164.016
128.154
133.829
131.084
143.686
196.757
174.328
201.79
152.579
147.495
141.559
196.015
185.568
150.109
172.474
154.832
297.936
233.422
