70.207
256.94
45.488
280.444
272.313
292.009
232.17
262.563
64.87
39.429
60.198
221.431
113.42
108.668
209.643
51.645
228.658
182.665
86.93
51.832
34.155
47.727
53.261
69.754
41.26
62.033
0
37.009
100.391
75.447
202.087
53.794
78.201
265.61
42.058
87.072
164.113
77.508
52.043
275.667
270.677
67.421
45.603
62.856
66.698
66.782
162.763
185.297
38.316
61.08
300.692
48.433
48.041
57.791
51.892
63.065
186.045
52.795
45.509
199.812
83.217
215.071
152.114
32.222
130.161
104.085
114.277
103.92
115.645
168.698
156.351
180.085
131.651
128.754
109.669
171.923
154.659
128.322
158.636
127.241
226.676
214.291
