317
0
251.611
428
395.375
392.016
475
402.754
263.691
233.546
273.524
30.645
240
230.852
192.307
244.137
322.622
259.899
324.569
246.365
233.872
254.294
245.021
281.792
279.702
315
232.767
285.932
343.535
298.59
383.255
286.47
286.607
425.778
220.087
299.074
391.173
265.439
282.618
347.958
313.516
298.127
225.365
359
284.774
271.426
166.061
450
261.261
332
406.604
268.073
226.631
314.312
249.398
239.794
378.856
233.22
341
507
311.86
387.658
319.092
234.163
162.519
154.95
211.409
158.129
169.929
183.086
192.678
205.864
154.699
141.243
218
242.207
249
195.524
229.81
201.213
502
417.985
