283.003
369.429
275.269
22.378
32.122
36.907
68.22
41.28
294.475
270.005
288.396
392.698
210.156
272.003
399.37
264.466
389.353
288.868
321.306
270.633
262.77
313.644
278.009
293.272
335.421
315.871
275.634
251.91
351.084
298.044
144.059
285.144
298.477
126.459
278.352
319.867
284.651
304.697
264.018
120.931
179.213
289.691
278.981
298.28
332.294
288.165
305.726
121.47
273.802
285.817
0
281.336
273.177
289.845
280.213
282.425
113.974
277.826
327.604
139.088
296.845
240.982
309.663
275.295
191.331
243.541
222.681
216.125
237.018
155.343
188.344
212.447
206.541
278.526
217.999
225.145
237.537
283.9
177.094
199.529
152.112
393.117
