64.759
244.612
38.467
320.665
327.437
294.888
275.249
304.411
46.855
29.74
55.392
214.757
113.867
107.859
148.407
32.632
224.165
171.349
77.374
37.741
25.394
26.23
14.201
0
58.53
0
33.046
40.458
72.219
60.459
267.807
54.589
81.654
207.266
42.869
93.007
161.485
72.239
36.925
262.095
271.941
10.99
32.826
19.553
62.234
52.453
173.637
324.474
27.995
37.096
314.97
33.521
63.181
55.395
48.57
15.954
314.678
38.804
39.9
217.601
61.339
286.639
57.285
30.821
131.285
99.792
108.055
98.691
105.963
148.155
128.533
157.481
113.25
120.139
106.633
157.676
147.465
120.52
159.807
125.817
258.457
214.588
