270.124
400.348
251.381
104.363
95.223
118.779
58.719
87.986
203.274
186.84
294.14
356.995
237.269
246.291
207.286
269.134
321.024
300.97
300.41
267.285
175.829
265.88
197.996
205.842
169.23
206.188
165.87
149.012
245.821
294.425
56.249
182.093
302.399
0
182.196
314.372
302.858
206.079
156.671
116.251
100.405
203.118
188.592
205.849
194.827
281.903
248.788
20.67
188.591
192.787
127.256
291.13
182.619
272.773
267.17
196.473
12.539
180.477
252.76
46.683
216.265
195.621
207.605
180.24
214.707
246.094
258.479
231.93
251.362
174.535
215.87
195.243
239.086
244.848
239.662
177.675
184.399
224.278
202.472
232.261
54.434
351.77
