121.902
165.601
105.47
196.106
204.334
203.58
242.573
243.881
128.909
90.225
121.654
123.61
23.443
26.814
67.604
103.034
114.919
70.499
150.311
101.582
94.908
108.843
94.503
105.558
107.845
106.418
83.201
98.273
167.456
139.214
220.487
116.69
141.692
238.889
103.826
146.498
216.333
139.928
104.014
172.329
190.996
113.868
107.56
122.032
126.864
130.392
63.394
265.815
100.244
118.245
217.842
113.649
106.056
118.852
119.829
109.87
312.753
134.301
105.537
245.914
132.114
199.513
130.32
86.665
21.673
9.506
24.737
17.958
19.588
51.207
41.457
60.463
4.378
19.583
0
57.237
41.638
24.887
47.621
27.465
224.133
261.065
