221.313
27.9
213.089
372.07
384.027
385.698
370.841
371.436
224.472
196.861
232.294
0
142.563
136.834
185.314
209.38
48.309
148.53
239.515
215.573
195.653
214.826
201.895
224.476
211.661
217.746
197.042
218.125
259.203
247.736
325.797
207.57
250.088
353.307
192.078
254.508
312.882
238.987
208.436
287.201
321.895
216.295
199.501
216.682
235.379
222.538
163.94
344.171
190.031
219.892
392.833
228.36
218.247
231.725
212.714
212.863
337.449
205.222
213.968
376.432
232.675
311.329
253.943
194.905
136.063
127.281
136.851
115.429
137.04
190.043
154.84
176.53
123.219
107.706
125.701
188.327
156.045
141.993
160.855
147.02
352.052
350.688
