57.495
232.589
33.125
258.689
251.546
270.19
210.089
239.88
55.458
22.717
48.169
203.014
101.833
100.43
167.059
29.409
224.867
161.414
65.904
36.66
22.249
16.442
0
15.898
49.507
18.888
30.486
32.708
87.986
54.861
211.614
49.497
55.907
182.234
32.388
81.217
154.56
63.494
31.254
260.211
288.666
28.091
21.028
20.834
47.503
46.271
166.579
164.008
15.053
10.887
278.721
40.637
55.38
44.853
39.522
13.012
164.062
27.886
33.058
187.865
49.122
246.41
54.107
24.066
126.452
96.598
98.672
87.252
113.373
160.092
136.427
166.435
114.558
120.149
97.459
149.758
136.126
112.402
147.604
124.653
275.95
201.477
