344.045
385.147
349.185
217.434
211.772
231.536
181.743
197.519
346.799
353.066
355.156
389.262
252.077
260.326
233.359
349.7
302.757
307.185
356.411
360.263
342.212
362.767
335.202
341.689
342.262
349.176
317.443
311.284
415.332
397.026
343.594
379
390.41
151.066
336.388
391.846
461.719
370.063
356.437
86.609
0
283.304
330.984
297.294
394.24
391.47
255.947
148.483
326.039
363
230.984
353.517
366.032
361.606
372.648
358.667
129.163
361.406
348.073
145.218
354.654
120.162
366.973
332.775
231.624
259.76
240.742
246.748
223.568
198.256
224.723
232.445
272.548
263.52
245.015
198.404
211.055
242.946
206.249
234.779
172
485.124
