270.109
298.133
265.904
98.683
108.347
113.104
113.265
117.604
250.873
244.387
281.083
281.135
167.999
175.36
105.946
247.12
250.067
197.775
268.507
252.38
251.805
250.086
257.347
273.743
282.703
253.619
247.127
207.643
301.655
283.578
52.488
235.053
276.444
119.368
262.346
310.134
370.661
275.088
263.076
0
35.223
273.436
255.277
270.035
242.535
285.134
166.275
74.808
246.007
265.187
121.645
270.517
246.923
264.557
269.109
270.478
67.136
233.254
252.702
80.697
282.406
31.494
284.576
262.827
143.089
158.985
166.437
149.161
140.273
98.433
132.114
125.412
148.153
151.935
173.18
111.176
121.148
143.456
122.662
146.541
87.729
337.225
