179.117
181.962
144.167
154.883
157.468
169.131
200.677
173.715
169.228
137.759
154.439
159.764
44.704
47.936
45.583
136.943
152.875
199.477
175.51
151.955
136.954
142.457
144.626
148.354
148.511
161.581
133.652
134.844
216.396
176.495
168.04
171.908
180.123
201.31
139.553
173.408
256.832
169.709
150.416
122.714
150.442
157.148
142.85
159.312
172.267
164.914
55.424
223.186
131.216
163.186
177.841
146.848
155.083
162.333
150.258
157.257
239.232
154.314
143.838
265.652
178.227
147.866
173.343
123.764
29.973
56.461
45.962
59.552
36.72
13.784
11.343
31.365
51.602
64.804
48.605
19.578
18.642
41.847
0
31.519
209.891
273.619
