16.767
260.309
34.047
265.813
258.685
332.811
220.341
251
40.223
108.908
7.399
230.71
116.171
115.505
170.813
28.597
234.141
188.278
81.746
33.846
23.195
34.391
41.944
65.761
58.091
56.725
31.807
44.367
43.279
33.834
206.031
46.873
15.778
260.45
53.59
89.723
168.116
84.693
32.199
274.271
307.568
53.522
48.383
63.709
9.593
65.246
183.42
254.93
30.425
49.747
288.828
42.148
62.124
0
40.91
51.895
175.583
38.243
34.075
203.946
85.449
275.682
43.295
34.186
143.763
111.03
114.369
120.974
130.988
175.688
155.586
177.252
138.2
135.865
119.953
174.24
172.552
147.843
161.858
139.773
215.385
205.476
