36.65
271.157
58.431
276.311
296.799
288.67
227.428
256.94
34.379
53.731
13.449
230.96
133.65
126.751
204.411
40.943
269.456
210.695
103.162
45.365
50.461
56.023
50.068
59.841
65.033
62.904
50.035
53.138
86.04
20.442
283.75
69.387
96.43
294.575
64.31
115.532
185.773
95.014
39.665
272.347
321.752
48.118
45.572
55.536
29.911
0
183.934
189.949
54.28
56.414
295.75
39.392
77.403
74.135
18.273
62.123
184.71
26.266
31.924
238.778
75.445
248.68
52.299
57.119
169.286
144.669
141.176
133.173
155.904
192.11
166.175
196.411
149.628
162.046
141.348
195.438
186.89
149.535
178.725
150.571
222.514
230.138
