144.488
167.865
124.717
262.173
262.014
329.606
262.311
261.847
143.387
105.831
136.319
141.691
17.684
27.766
61.42
119.593
138.45
88.541
159.499
128.892
111.842
115.655
109.638
113.133
117.278
113.976
102.832
112.302
176.394
149.556
205.422
124.079
179.123
229.89
119.425
166.699
227.81
150.89
118.866
138.991
182.424
120.067
113.891
132.812
155.177
141.152
53.38
214.812
106.703
134.538
287.102
121.284
143.288
148.118
132.275
127.473
234.574
125.295
126.472
240.895
148.925
170.912
148.434
97.673
20.805
34.425
20.545
31.159
8.979
46.625
16.561
50.659
29.657
37.063
26.154
41.138
38.254
0
42.233
6.147
261.628
267.402
