175.175
203.404
155.301
240.869
212.443
228.202
227.084
241.934
170.458
148.643
174.859
170.183
61.433
69.017
4.361
161.449
172.014
109.172
182.483
159.257
144.928
143.791
156.81
143.482
141.299
152.644
136.844
157.256
208.101
194.369
132.619
180.449
183.322
190.995
144.821
183.805
258.679
179.243
142.918
120.082
152.284
167.866
143.057
177.886
183.658
174.916
73.21
178.149
137.743
167.86
263.577
163.918
160.372
161.833
167.829
166.678
520.487
169.431
151.336
210.223
187.87
130.621
190.249
127.622
45.617
64.38
55.456
58.022
47.045
22.785
25.442
0
65.583
70.427
56.776
18.37
35.075
45.075
25.939
41.71
215.515
288.391
