288.138
354.957
217.86
141.61
133.543
156.244
96.336
125.252
285.307
213.064
232.526
338.239
240.887
249.933
169.736
209.553
319.627
276.498
260.887
224.466
206.561
317.575
226.17
275.669
213.621
279.86
198.024
324.807
305.651
232.092
20.092
221.865
250.491
152.619
214.73
385.509
343.17
247.734
224.507
73.477
85.645
212.337
205.251
233.671
242.296
254.461
232.827
61.062
197.376
234.749
164.742
230.684
208.859
230.248
224.445
238.299
50.039
216.066
217.713
62.631
235.936
0
284.031
204.404
203.728
236.126
232.74
229.041
212.666
174.693
192.691
156.25
219.411
228.25
258.431
183.179
188.4
220.858
193.667
200.001
63.167
395.752
