40.287
234.214
12.548
241.634
231.024
256.177
192.635
224.199
30.816
7.295
27.586
203.779
95.196
90.036
173.666
0
213.837
158.156
63.615
11.931
1.606
23.847
20.169
39.382
21.387
26.756
7.387
8.926
73.892
36.155
176.453
17.251
35.772
270.444
26.95
87.596
148.373
61.095
0
252.77
285.272
24.251
12.405
35.176
34.187
27.783
145.318
228.656
8.568
28.107
261.01
24.622
37.979
24.789
18.769
32.275
147.889
12.41
12.337
200.256
40.074
222.629
119.149
15.385
122.556
94.121
95.267
92.903
104.262
164.267
138.708
166.206
120.595
124.33
98.585
155.685
143.692
115.694
132.546
118.37
260.149
179.709
