192.417
411.5
188.305
111.319
102.213
125.42
65.327
93.514
211.531
172.182
201.991
368.379
217.039
223.432
171.553
190.641
352.745
303.934
207.729
176.896
159.702
212.944
178.034
215.911
196.24
205.895
169.19
254.145
249.078
221.858
39.664
194.26
212.276
31.643
208.632
227.408
295.754
200.361
185.456
74.979
85.943
187.851
177.71
196.798
188.658
223.926
246.161
26.796
191.476
193.922
135.609
200.661
180.249
199.066
191.35
194.859
19.599
220.431
186.828
0
301.498
72.901
220.797
164.496
263.709
254.935
261.688
229.039
212.67
242.451
217.633
213.613
266.52
235.087
240.946
190.603
197.768
240.566
258.531
232.544
53.881
232.902
