63.31
253.677
38.428
271.339
252.745
277.075
227.006
253.915
53.96
25.644
64.107
223.873
108.735
99.281
179.831
42.939
228.698
163.606
74.362
51.07
24.38
30.57
12.516
0
61.504
0.978
44.077
41.253
94.409
59.253
250.32
50.886
88.912
186.853
47.312
97.973
158.589
66.5
64.535
256.723
271.516
11.037
36.886
21.217
53.184
50.113
175.08
173.203
24.073
25.387
295.561
52.143
59.911
66.236
58.183
9.902
179.639
49.068
38.452
220.385
63.876
249.486
58.9
27.533
130.789
108.574
99.434
108.154
110.584
150.24
127.789
148.003
122.648
120.138
105.898
158.177
144.191
112
147.34
124.754
279.914
191.273
