50.494
235.502
49.539
274.876
265.692
289.626
229.575
259.093
37.093
25.049
43.87
210.619
110.61
103.141
204.094
32.869
227.493
179.864
74.912
51.608
25.288
18.544
11.701
16.087
59.137
14.791
30.879
41.719
96.917
48.636
219.393
54.222
78.085
199.056
40.412
90.675
162.676
71.452
38.19
253.771
233.728
0
30.207
0
47.204
41.869
164.146
167.915
25.517
8.95
298.085
29.428
61.485
58.995
36.922
1.521
183.38
30.861
49.144
195.4
72.089
268.635
57.547
31.669
135.166
105.098
112.527
101.901
120.913
172.784
141.764
174.5
122.953
136.498
116.602
162.4
149.072
125.937
153.556
132.879
187.144
206.527
