51.707
226.317
43.314
313.822
313.659
326.271
296.808
315.112
49.438
31.814
56.484
209.851
96.251
105.546
153.017
24.804
197.194
151.361
60.723
50.326
30.216
35.409
45.809
60.45
0
56.722
14.987
15.554
99.561
65.642
197.224
55.633
68.841
167.948
31.838
98.242
152.224
67.709
20.889
268.303
286.684
52.914
34.053
54.542
60.31
76.714
155.554
147.765
27.622
53.64
335.349
55.857
14.408
53.428
47.85
55.876
250.24
38.517
41.627
202.421
55.72
247.939
75.101
21.429
118.079
90.378
90.475
86.359
92.084
158.561
123.731
145.738
91.102
118.684
98.762
156.191
136.491
116.196
147.526
104.189
206.436
207.77
