114.515
152.251
94.777
220.98
230.801
235.92
251.463
239.862
114.576
81.546
125.041
129.463
15.846
13.241
61.215
95.11
120.521
69.024
140.294
99.343
86.25
92.966
95.35
100.814
90.573
102.836
74.974
90.697
160.409
134.208
208.041
118.297
139.834
253.877
84.561
143.591
206.818
122.315
95.486
159.047
201.52
109.325
92.919
112.363
120.301
134.392
58.714
245.857
90.033
106.803
244.284
101.459
94.438
110.962
104.9
107.311
224.635
102.675
94.42
253.657
131.074
227.626
212.823
76.725
29.423
0
14.48
8.096
22.978
67.189
48.67
67.748
12.421
21.958
10.21
69.412
48.155
34.002
53.121
32.01
259.203
251.342
