143.04
143.235
129.663
312.391
314.706
325.344
277.028
294.802
129.857
123.836
144.428
112.523
53.566
42.978
105.861
150.373
100.324
133.435
169.673
135.847
118.479
121.049
137.519
135.073
125.475
127.66
109.836
121.855
182.912
160.949
220.33
137.426
157.753
251.388
121.623
180.199
237.241
157.69
150.641
157.813
207.602
139.212
117.135
148.66
137.495
164.116
69.471
233.885
115.419
145.124
286.955
132.59
145.841
142.024
136.097
147.188
271.77
146.171
129.657
241.81
161.111
192.05
169.907
116.311
34.314
27.794
49.939
36.094
36.685
59.627
53.987
81.661
19.657
0
26.427
79.458
57.309
42.827
70.562
48.102
257.271
288.032
