46.339
234.581
19.811
256.938
247.767
271.354
207.666
240.394
41.882
14.734
35.648
198.008
102.806
96.309
182.13
17.099
201.103
164.689
68.072
32.275
5.653
21.033
18.709
38.038
35.281
34.394
17.254
25.577
74.162
48.895
247.951
25.011
71.3
188.132
29.617
87.289
150.108
61.115
20.585
259.967
280.007
34.866
0
36.841
48.828
36.755
150.281
266.022
13.251
26.015
278.41
31.993
42.306
48.755
30.421
36.016
163.208
23.086
19.612
277.151
51.401
283.614
55.785
21.419
119.249
93.472
97.516
88.106
103.373
153.042
127.163
154.58
107.045
116.221
109.648
156.268
143.651
114.954
143.287
126.064
205.731
176.2
