287.495
362.027
267.284
14.394
24.096
0
60.266
33.323
286.6
263.901
283.451
384.828
253.224
293.582
219.437
260.035
403.845
318.398
331.554
262.425
257.751
335.838
267.208
275.508
324.633
297.133
267.663
259.775
343.554
281.951
136.104
274.148
295.16
118.415
267.279
318.643
163.354
295.18
256.871
113.009
163.077
281.566
269.329
290.385
306.84
281.578
295.93
113.253
262.848
275.604
42.58
276.181
263.164
319.164
275.017
274.579
106.035
266.177
314.45
132.654
289.374
245.122
302.481
264.518
195.851
235.348
228.346
208.209
259.234
147.435
197.45
176.869
210.449
300.414
212.092
191.017
196.924
329.25
167.05
197.246
154.825
382.955
