47.261
236.059
0
235.196
227.08
251.207
192.692
219.454
33.435
18.547
21.519
203.003
96.938
89.421
144.714
8.355
208.875
168.85
46.739
0
3.003
5.034
22.123
41.756
37.441
27.936
14.668
10.212
74.344
18.84
183.736
12.199
33.311
255.622
25.64
82.985
147.977
49.473
8.691
237.413
287.901
30.408
20.682
49.919
18.432
25.924
155.922
244.935
15.23
33.662
261.202
17.99
39.902
22.452
16.766
35.907
143.651
34.726
3.659
170.624
31.244
243.496
37.84
16.443
129.238
88.005
88.697
91.949
98.931
152.576
148.719
159.562
114.536
112.596
91.04
149.608
134.301
116.839
140.261
124.072
269.975
180.66
