36.308
226.492
16.261
235.927
230.186
250.369
193.917
218.729
37.889
132.665
31.652
208.952
102.649
108.191
161.31
0
227.556
180.923
52.389
12.066
7.624
20.331
24.209
48.107
17.24
43.836
36.677
3.412
66.964
39.914
172.809
32.41
46.153
152.966
30.116
61.339
150.947
64.852
0
256.721
284.535
36.52
32.721
46.921
30.926
27.413
149.996
135.096
47.905
34.344
262.597
21.321
24.212
28.435
22.679
36.286
148.924
24.923
18.489
189.685
47.383
194.445
48.42
28.196
119.379
88.364
101.755
81.952
105.778
180.224
127.806
150.249
108.864
140.287
101.025
153.121
145.265
114.169
145.709
124.414
187.101
181.252
