103.421
282.202
73.819
295.315
287.496
313.284
251.088
279.013
96.534
66.07
97.013
253.263
141.23
141.742
185.478
80.528
261.923
206.085
119.945
75.685
69.812
70.013
75.72
82.268
83.311
90.176
67.221
77.322
132.627
109.589
239.299
100.338
121.527
218.88
72.484
114.89
184.411
0
84.054
306.343
327.566
83.638
75.911
92.663
103.514
100.678
196.858
208.934
51.989
85.314
319.701
82.58
93.118
99.879
89.34
85.669
205.821
86.873
74.208
221.93
105.402
294.084
96.671
63.066
161.406
136.755
151.356
130.913
149.609
204.348
174.012
201.257
155.574
166.648
155.621
198.028
186.237
165.858
185.087
163.409
220.917
238.448
