24.298
266.496
30.884
271.602
262.127
286.085
223.844
253.398
37.419
52.632
15.262
249.506
130.708
128.468
194.798
42.975
246.076
209.458
95.774
32.69
51.248
58.694
46.838
62.064
71.317
63.935
52.505
54.943
65.258
0
228.046
61.257
45.244
296.375
65.945
110.246
188.08
97.192
46.663
279.109
319.315
47.104
50.9
57.624
31.408
14.112
192.343
176.533
50.943
56.25
297.74
41.074
82.292
36.493
20.413
56.636
259.729
46.897
30.754
229.723
54.321
249.271
65.88
54.489
164.394
133.528
138.195
120.564
130.626
193.233
165.431
197.037
144.879
158.682
148.184
195.555
186.182
156.186
179.07
152.548
224.19
216.209
