35.801
284.904
33.336
264.777
255.746
277.761
216.271
245.867
52.622
28.034
0
226.966
113.941
121.137
184.421
27.425
237.226
180.145
79.021
28.608
22.056
32.256
41.125
60.4
52.895
49.966
30.339
36.605
77.7
8.218
212.425
41.642
18.871
268.876
45.988
86.855
167.642
77.4
31.389
263.466
293.627
43.178
30.826
45.438
23.644
0
176.578
258.6
29.899
49.011
284.867
45.509
64.494
3.27
39.616
51.067
172.911
9.174
33.251
187.171
46.984
216.538
69.564
33.373
136.481
108.449
114.463
104.529
128.545
174.081
151.499
176.161
132.327
134.044
115.59
177.616
162.767
133.599
149.788
134.865
301.536
192.369
