29.184
241.315
19.344
266.275
268.107
278.683
267.08
266.112
13.944
24.327
14.583
217.017
106.301
104.071
190.597
16.47
225.286
174.338
62.451
4.666
11.494
28.642
21.161
36.687
40.709
35.679
20.183
26.491
60.375
29.205
238.695
16.081
36.607
201.698
37.237
73.076
158.856
58.33
19.697
252.038
264.621
22.312
22.082
40.455
26.621
19.826
157.445
151.56
21.921
34.879
287.143
27.66
47.692
4.511
12.639
35.825
255.503
45.11
0
204.311
26.561
290.597
15.212
27.917
129.558
97.947
106.804
98.087
112.058
152.479
152.395
161.051
114.955
122.908
109.229
170.667
153.144
124.641
149.451
130.644
271.025
182.71
