55.952
254.937
30.297
304.701
305.371
349.574
291.155
305.521
54.426
31.868
50.082
226.397
110.474
108.968
189.245
40.654
238.027
185.654
80.468
29.721
25.438
0
26.305
43.765
48.82
41.443
34.391
48.122
95.73
68.033
269.219
39.269
72.447
268.224
46.699
93.067
165.325
68.984
37.341
267.371
307.801
38.029
33.795
38.001
57.996
59.652
168.914
349.447
28.836
42.9
329.048
37.919
59.05
46.698
46.436
40.419
243.578
40.261
30.894
249.601
57.39
295.522
57.124
32.884
138.791
106.526
109.122
113.345
120.538
156.535
143.781
161.262
126.523
127.828
122.99
169.822
160.134
128.102
154.556
169.71
211.662
190.658
