54.727
273.887
23.52
278.837
265.821
286.721
222.117
251.339
0
47.4
62.54
229.221
119.189
120.769
156.917
40.489
239.54
187.04
88.962
49.915
36.105
44.51
57.959
53.768
56.697
52.718
44.742
46.051
68.968
40.108
201.327
20.454
50.383
209.618
54.204
111.193
176.879
75.774
37.084
244.009
300.15
37.22
46.944
48.542
42.702
14.933
171.284
167.802
49.823
60.058
294.154
42.682
64.767
50.718
35.089
49.154
185.849
21.086
23.707
199.883
47.594
259.257
153.297
53.76
153.961
124.65
130.372
113.396
128.318
176.081
159.337
184.455
140.98
131.065
128.055
177.671
168.814
139.031
170.037
141.483
214.863
216.951
