146.15
184.938
130.001
188.213
194.002
205.071
230.533
203.895
150.601
115.933
146.67
154.031
30.495
40.156
56.158
130.027
142.495
159.872
176.194
137.196
121.013
129.252
129.82
131.123
121.996
141.681
109.106
119.814
193.315
160.489
187.002
158.325
167.444
239.646
115.813
163.771
237.222
152.226
136.389
150.771
180.656
146.391
124.129
146.777
154.379
150.319
50.393
222.63
109.003
139.036
211.146
135.107
138.221
147.524
138.947
137.853
217.483
153.268
129.912
254.168
157.066
190.589
156.141
104.007
18.492
39.871
29.561
45.704
21.72
53.084
19.281
54.52
36.741
47.695
35.966
58.344
36.926
23.574
39.045
0
248.361
257.937
