127.903
177.345
108.014
205.966
215.512
234.352
251.842
224.802
129.923
96.995
126.681
142.21
8.171
19.152
66.086
105.9
145.417
92.042
139.543
106.007
100.415
102.714
101.044
105.936
101.09
107.06
94.506
103.054
167.819
141.464
220.451
118.226
145.897
260.01
91.598
173.343
215.425
142.007
107.214
172.137
191.38
115.436
103.099
124.708
136.099
132.577
78.707
261.217
95.082
117.232
229.166
113.539
117.816
120.779
122.06
109.112
238.277
137.699
107.078
273.208
135.251
194.941
135.855
84.809
39.172
19.985
0
17.694
19.22
75.213
41.179
66.405
38.756
49.895
31.305
81.061
63.409
25.987
51.483
29.006
266.425
248.776
