9.089
241.506
13.246
264.462
257.315
277.382
218.733
245.623
34.48
31.073
39.857
221.099
118.491
116.316
191.978
28.375
224.71
201.024
74.913
29.078
23.321
32.857
34.716
56.889
45.241
51.072
30.349
39.217
91.771
35.671
201.656
34.823
44.077
195.872
53.539
91.061
173.297
70.677
31.829
271.504
280.115
54.313
29.85
66.694
63.947
41.827
173.891
170.799
30.508
42.486
287.452
41.856
56.292
74.342
45.868
52.727
172.835
44.065
23.216
206.31
0
262.085
38.057
38.019
148.575
117.102
116.789
102.325
136.533
169.321
147.677
170.613
127.577
141.244
121.537
175.419
166.851
140
167.275
145.264
185.396
233.48
