40.335
218.56
12.186
244.235
237.489
256.042
195.963
226.735
36.935
0
27.117
191.087
82.746
83.473
134.385
6.262
203.975
157.554
58.316
24.704
1.038
13.907
14.616
21.048
27.172
26.083
8.7
10.864
77.026
47.696
183.998
20.225
35.483
162.028
14.77
70.284
135.545
45.865
10.062
255.413
265.314
28.923
8.699
25.638
38.217
39.118
138.296
149.388
1.348
22.478
265.292
19.544
30.23
24.393
18.473
25.546
150.761
15.608
12.071
156.411
38.481
188.847
55.817
3.05
108.732
75.29
86.198
67.025
98.32
138.327
122.635
153.686
103.129
98.366
85.871
144.302
128.447
104.046
132.763
105.405
195.839
167.592
