55.099
260.781
37.911
258.973
249.606
272.403
210.616
238.803
44.526
29.019
52.932
209.697
106.57
107.72
174.309
34.143
225.069
161.156
76.944
41.396
26.834
25.276
7.794
8.205
54.292
15.088
35.143
35.753
92.906
51.988
214.809
44.047
65.828
195.846
37.628
95.18
160.224
68.111
38.404
264.88
291.607
11.263
33.313
5.488
48.402
49.641
159.605
164.94
19.447
3.853
281.475
45.553
59.937
49.652
44.217
0
239.799
36.857
37.807
182.861
61.836
255.046
50.625
28.675
136.797
104.373
100.755
98.11
120.005
178.87
132.249
169.497
116.123
138.787
107.938
160.398
147.575
125.206
154.522
129.597
278.998
204.916
