48.298
241.951
20.001
251.844
244.621
264.937
203.499
233.064
29.945
14.702
35.264
203.662
101.605
96.427
172.405
14.185
222.527
182.379
72.532
19.412
9.173
24.888
27.883
50.048
39.719
40.075
17.568
26.431
74.738
9.044
184.465
28.359
43.317
258.093
32.144
75.512
81.82
65.492
18.414
247.046
287.018
30.137
21.251
34.234
12.471
0
152.624
256.45
16.713
35.71
271.984
27.613
45.938
31.867
0
37.828
158.851
10.26
20.056
188.004
35.832
202.606
58.048
20.076
125.957
95.938
107.474
96.564
109.138
161.024
147.02
174.632
121.717
121.158
111.897
167.171
156.962
123.395
141.365
122.653
267.115
186.102
