181.261
202.869
163.851
172.714
182.596
192.06
217.7
233.159
184.319
145.057
180.231
182.921
60.132
72.077
32.048
162.897
166.948
112.028
196.212
173.291
147.364
155.007
147.265
159.056
157.277
159.841
142.879
154.377
212.888
193.525
174.364
176.874
203.032
179.161
146.412
210.917
267.967
183.603
157.238
106.635
135.127
167.555
156.936
175.699
183.384
184.723
69.765
183.416
145.821
172.869
195.595
162.744
165.735
174.393
173.903
162.65
256.732
161.699
161.822
202.17
190.753
153.906
194.115
140.602
35.631
69.94
66.545
72.339
52.764
12.978
25.092
23.891
57.248
69.964
58.492
0
18.464
39.964
19.64
46.442
215.594
310.079
