41.3275
-34.5875
48.2
-33.861481
-37.813938
-27.47101
-31.95224
-34.928661
43.85
50.833333
42.6833333
-23.533333
43.666667
45.5
49.25
47.366667
-33.45
9.893385
35.1666667
50.083333
50.116667
52.516667
55.666667
59.4338889
40.408566
60.175556
48.866667
43.285413
41.725
37.9833333
22.2833333
45.8
47.5
-6.174444
53.3330556
32.066667
18.975
64.15
45.466667
35.685
37.5985
54.6833333
49.6769444
56.95
47.005556
42.0
19.434167
3.166667
52.35
59.916667
-36.866667
52.25
38.716667
44.433333
44.818611
59.333333
1.2930556
46.0552778
48.15
13.753979
41.018611
25.0391667
50.433333
51.514125
32.7833333
38.7508333
42.8863889
40.7141667
41.85
34.0522222
39.7391667
47.6063889
33.7488889
25.7738889
35.2269444
37.7698135
33.4483333
38.6272222
40.7608333
39.0997222
21.033333
