19.8188889
-58.6725
16.366667
151.205475
144.963425
153.024292
115.861397
138.598633
18.3833333
4.333333
23.3166667
-46.616667
-79.416667
-73.583333
-123.133333
8.55
-70.666667
-84.105407
33.3666667
14.466667
8.683333
13.4
12.583333
24.7280556
-3.69222
24.934167
2.333333
5.37606
44.7908333
23.7333333
114.15
16.0
19.083333
106.829444
-6.2488889
34.766667
72.825833
-21.95
9.2
139.751389
126.9783
25.3166667
6.1238889
24.1
28.8575
21.4333333
-99.138611
101.7
4.916667
10.75
174.766667
21.0
-9.133333
26.1
20.468056
18.05
103.8558333
14.5144444
17.1166667
100.501444
28.964722
121.525
30.516667
-0.093689
-96.8
-77.4755556
-78.8786111
-74.0063889
-87.65
-118.2427778
-104.9841667
-122.3308333
-84.3880556
-80.1938889
-80.8433333
-122.4660005
-112.0733333
-90.1977778
-111.8902778
-94.5783333
105.85
