49.25
52.25
55.666667
50.833333
47.5
34.0522222
48.2
47.366667
50.083333
51.514125
48.866667
32.7833333
38.7508333
42.8863889
40.7141667
52.35
35.1666667
50.116667
32.066667
43.85
41.85
45.8
25.0391667
35.685
48.15
40.408566
45.466667
45.5
44.433333
42.6833333
21.033333
-26.205171
49.6769444
37.9833333
56.95
38.716667
1.2930556
59.333333
46.0552778
39.7391667
47.6063889
33.7488889
-23.533333
53.3330556
52.516667
25.7738889
-34.5875
44.818611
47.005556
59.916667
-33.861481
41.3275
43.666667
-36.866667
22.2833333
-37.813938
-27.47101
-31.95224
-33.45
41.725
-34.928661
64.15
37.5985
42.0
19.434167
13.753979
25.258172
60.175556
3.166667
-6.174444
35.2269444
37.7698135
33.4483333
43.285413
41.018611
50.433333
54.6833333
18.975
38.6272222
9.893385
59.4338889
40.7608333
39.0997222
