-123.133333
21.0
12.583333
4.333333
19.083333
-118.2427778
16.366667
8.55
14.466667
-0.093689
2.333333
-96.8
-77.4755556
-78.8786111
-74.0063889
4.916667
33.3666667
8.683333
34.766667
18.3833333
-87.65
16.0
121.525
139.751389
17.1166667
-3.69222
9.2
-73.583333
26.1
23.3166667
105.85
28.049815
6.1238889
23.7333333
24.1
-9.133333
103.8558333
18.05
14.5144444
-104.9841667
-122.3308333
-84.3880556
-46.616667
-6.2488889
13.4
-80.1938889
-58.6725
20.468056
28.8575
10.75
151.205475
19.8188889
-79.416667
174.766667
114.15
144.963425
153.024292
115.861397
-70.666667
44.7908333
138.598633
-21.95
126.9783
21.4333333
-99.138611
100.501444
55.304717
24.934167
101.7
106.829444
-80.8433333
-122.4660005
-112.0733333
5.37606
28.964722
30.516667
25.3166667
72.825833
-90.1977778
-84.105407
24.7280556
-111.8902778
-94.5783333
