11816.533834745613
23438.18839548859
10891.142768474989
8312.952771812734
14248.483646044622
14868.792654390068
3961.53520162112
11938.48105087939
11817.045588066989
15492.401939574782
12795.322262077107
23118.968474126952
22902.348438538203
16648.870945699706
15075.93495030271
10444.560998123447
26598.1258600573
23064.486073213964
8958.637880953478
14374.615992970123
14539.317677506471
12281.322418939979
12804.634810535712
14088.38301006629
11524.119163135825
12627.979846764136
10268.046818671597
11138.935657728392
15851.76516616517
12939.903036149004
2574.7229469499316
14773.761827730625
20456.81994362997
1013.3922479731859
13829.248215266336
14271.770359761198
3617.106658253382
11946.81994360543
13209.900819992192
7185.1814940111535
12863.177597875525
10110.73807996579
11927.560483962501
15436.969809130527
12948.734322923328
11759.245562130178
16747.65878810329
58.39249063530879
10940.224309189387
11311.047231854598
10806.687460899098
11953.46966337842
12067.511629529161
12620.705755201296
14047.152869097428
12503.694787748522
2083.9389963922595
13052.140681860661
19595.567752674382
2265.481041529536
17467.551134170917
5406.180036538781
21167.11093494525
23777.234375446926
18256.177070041012
23118.24195054285
17988.21229717526
19607.405461630417
15884.064763383798
16411.338715596332
19318.596821730727
14953.26564066989
25188.600070101646
18628.90707356175
17561.918582709342
19700.163763319022
18450.935688795525
16953.5752962422
17422.890593644424
16903.409717425595
2375.130287511127
