11183.041775733245
22578.13385919698
10355.928305424964
11284.748699952861
29096.783172751857
26886.634550819006
6783.173449634342
26688.21937623392
12990.821470262847
15482.91437523312
11543.741445287646
23007.665006194282
18706.50086910299
17312.38474854227
19899.77488165067
12330.02369528833
29041.55070025623
23405.11287816925
10039.248738479822
11521.803822495605
13082.266614155507
11779.674164053848
12726.959583004134
13841.818806776333
18884.216460670457
12667.76016805304
8443.927952855413
11914.961541020693
16666.24476417313
13234.603532221761
5001.392098397317
15657.846743634631
13661.408770128253
3746.8692468559316
13615.084568918177
13860.04800124789
1285.6086630330553
12373.717907665838
11673.328387348694
20553.27118954009
14178.886929121374
10106.95690969995
12441.668808026696
15205.297227349713
13899.146143834121
12609.495012679628
17180.25588801128
22113.365964681736
11086.13896998072
12160.918560693162
13914.476003217447
9627.969571849895
19466.879875993025
11937.219562280463
12157.16557083084
12781.619559376679
5175.463722167559
13913.071055553724
12392.509229121828
4875.933059837434
18366.503366064917
7597.485363726955
21515.391765347074
13920.492105488973
20156.733967605807
21519.629551577877
20092.860481827094
20160.254296492945
16591.098876704236
26562.923669724772
20721.615630256318
18848.065330005506
22829.697861899756
19924.41395829241
18208.218266607375
18949.61836560412
21879.11349581973
18380.591088631634
20938.69649706607
18923.89847527345
5476.125333811169
