4181.181623192905
14823.653373352558
2166.144967249485
23327.486932188043
30797.536046315076
29306.706989520804
18077.88982158625
26704.608823567367
4043.8904665623927
957.4533681462138
1156.845189904932
14239.521298807058
8473.351845847175
7620.2496355685125
12728.125704909377
1517.466369123092
16881.986649972674
12448.543214363957
2296.5392800241802
1732.3297012302282
3981.3151569708566
2632.101130240505
150.9428375008978
2463.167198625092
2816.1837061754954
560.0006564571943
1557.9177829805915
2445.002328830927
5818.35060813989
3138.382833432854
20211.02916511368
3231.246537549582
5451.45817037733
15200.055920016042
4115.572945268167
3702.9584225527865
9730.510560493669
3480.317267252915
1971.8071065989848
22194.664898966807
17943.590750998326
1516.0824602665525
2502.4473475132227
3323.571476146073
3487.512778651339
3045.9059171597632
10336.214615173205
13189.782292097081
1216.7127742586981
985.0882734388654
28984.220395030836
1267.5813281806163
4111.276667312536
2673.299540664685
1227.040496114764
891.4430413756045
26390.437484056703
2197.8896621480485
2021.3315804539816
17186.272628469087
7517.0991809956695
15745.07650307258
5195.23083783382
4031.1338348445415
11080.392843364769
8172.597700536186
8699.020595632288
7903.549780323849
7022.006640688269
14366.85357798165
9969.411648633042
11503.170691982295
11176.539782684893
9475.603251950095
7797.2100335332525
12615.525477084857
11369.540904220767
7860.022821621543
11948.604605380142
8907.151410810198
13583.003231176517
