4204.698447080073
15742.266394697559
2780.875323543394
23739.679309235384
31473.194852941175
29202.066232577065
18563.270784748795
27856.116107720296
3333.6270094991037
1865.272719134651
1742.1236525924628
15240.453681483856
9168.219811295681
8238.136616253643
13361.123724561967
2324.627783131308
17836.46059532439
13051.731885717698
2999.1775451970016
2346.624648506151
4534.65749971869
3238.8560351463493
829.2101499091926
1512.4065799165235
3699.904546552216
10.137340223007886
2267.643422505421
3072.1509082440616
6815.031874146029
3526.0937791863794
22147.049322897255
4517.312806080617
6056.190172387424
15838.123837625692
3929.179800475929
4203.467023071796
9145.672681833765
4024.222352322691
2785.012885591566
23792.644966627046
18066.11625825332
1696.8557622407525
3159.3406351440312
3048.5406097166456
3800.18489734195
3791.748199492815
10424.6650913523
13884.782691747556
1855.998136417883
311.48985917824854
27575.758334078117
1581.873853350961
4582.422817283473
3206.2556065928125
1854.063658099223
316.54755507791504
27633.90528770817
4415.797486724497
2623.708580273746
16914.284139789062
7700.232408558809
16855.7272463046
6116.725957488976
4790.560038328424
11882.993465371215
8852.764998532824
9532.880630783722
8613.922903761664
7758.965491287074
15571.831926605504
10526.120954987071
12118.498767144978
12184.625306694707
10174.856190554645
8615.829521279793
13243.482052455613
12018.049319598762
8636.632069702353
12790.509830568752
9771.119019391552
14998.500017340839
