16473.413284132843
23522.559658837188
16194.717275896677
14830.976213813796
22989.58329107505
20987.2177230644
10091.298118504765
18568.22479579855
16828.43364742685
21040.870123088396
18732.210421488442
23460.268043559245
21517.4937089701
17499.597303206996
10028.008581505443
16365.321377491506
21527.140617186804
22085.267332549938
14689.73475033427
21412.93971880492
20007.472431641723
17151.32722527834
18377.01950563827
19311.06113429904
18309.957981163967
18327.961559742293
15575.538843733788
16913.041253576423
22422.17443049883
18199.31250287079
4016.4810846067835
22680.8728699005
20183.28193755599
15455.266531068268
19557.27956251144
19587.360994909173
8172.147921438473
16869.345129994264
20152.04373291683
34.90993874005669
7788.402679376531
13937.115572660536
17075.927269425465
19776.992055034352
18090.972020132867
17203.709061707523
16302.097954282028
6292.28828346734
16114.547714128337
15809.544762185082
14883.89561176155
16381.980189158956
18988.126642123618
19699.159362334503
21359.758965929468
17660.831810854375
9051.126781093983
19617.27631738074
21127.778691913787
7760.661931513769
24714.26889927533
2087.904469772463
27228.882128524005
23845.26931437888
17950.076522224266
19543.909435270893
18812.149034306633
12620.628009873783
9278.30339942263
17330.11266055046
19385.850294981545
8562.510515084565
23931.255520504732
13079.655820496411
12276.480571146982
20458.409854823312
20004.46734664608
10778.22903641243
10600.155663372876
11033.107143225328
5225.414763991167
