13960.281197745055
9553.575421988033
12288.359027520997
32788.3995390912
33885.59368661258
30297.65652660494
31077.987275567728
31125.173955120845
14865.439285850534
15964.67180902648
14366.965781150588
4485.290109071377
10615.702835880398
12141.08350036443
12399.904509533959
13945.583608053963
7561.226620977841
13950.663725626879
10949.506600888315
16516.530052724076
15226.006211319906
13412.533531719957
14164.348700479175
15285.14215565922
19948.12671511053
13692.680220944736
11125.058877522513
18480.912702109257
17751.973061157445
13940.25084592654
24928.196515095045
18581.4207680546
17531.79352837073
31227.99420173604
14749.21339007871
14447.647641061274
20730.611097585817
13963.750143376026
14736.061694650529
23335.86184511292
15918.85825926403
11134.656745777207
14774.05225523801
15503.190964623494
15713.131894340077
13889.49822485207
10688.936208730149
26231.463926464316
11828.36946203984
13083.402855066732
37858.62007328626
11976.017736194448
13786.149102887037
17184.69256957579
17083.752092050207
13929.75147770016
33818.179366641154
16245.112283826425
18502.617126620797
30426.9141702512
23363.96123665366
17306.792839644575
24439.42644800079
17358.59230285175
8830.755820923869
8554.504068076933
9968.596739267647
8822.484715818237
6951.424065587515
12894.189357798168
9391.60321341601
12160.369042143284
8825.402032947773
5483.119058632686
6621.739931010446
11448.442551671402
9142.540085883256
8276.972868746896
11754.079368506618
8735.142544922217
22804.34015213697
