17675.51290101811
26057.597331555644
15378.692052717764
12176.161011305732
22526.428625760647
21670.91250381524
10150.312552358095
18451.375679058547
16590.90509289284
23276.597090637817
18198.40596040535
23460.00176732017
22430.44382192691
18061.377551020407
10006.009411365309
17648.105492722018
21470.790012287922
22337.089714991336
17940.492010799124
21683.657029876977
20822.850388207495
17521.13284080882
18647.112529371323
19220.835747606186
19513.50740927751
18251.127512121013
14738.20198076437
16801.050435824076
22430.609692906157
17205.125212438565
3730.0885203130824
22685.467403106788
21130.264392929716
15447.402435041682
19285.805601317956
19619.004778853923
8174.890420283303
16767.930773274707
19064.82467786021
8.951266343604278
7755.664542851197
14915.048535385931
18238.82078405557
19627.639336619155
17990.9726521062
16106.298934911243
15726.089547958465
6381.044869233011
16308.235146424307
16920.79726634719
14928.310483510591
15310.544086240214
18437.740034876962
20482.637989732506
21561.08278541542
18581.474207415366
9871.438723078605
20273.61808327012
20654.10557564063
8347.627474091876
24016.2833926504
2211.853357000498
29063.84977456275
22959.286233231316
17956.007703858457
19449.75660895777
18821.087577561342
12672.530576125939
8869.450456845054
17656.0976146789
19391.564642381945
12271.211364887386
23939.318611987383
12756.140165892544
12178.712178940159
19490.5337657191
19332.725030160378
11181.411515853544
10579.752127416365
11007.875073452851
7347.058299904047
