4184.045070661032
15344.984833309943
2746.805504199461
23834.168291569706
31443.77535496957
29099.229626615117
18484.273077184323
27481.281804456947
3436.1358409949266
1854.994524431182
1712.1338140508442
15081.619904876592
9156.140906312292
8393.624271137025
13513.592425642672
2065.3493736369633
17568.08372451808
13045.806653189667
2833.0456862413616
2415.8134007029876
4476.189186452121
2604.4781649550346
816.9266255553616
1533.6901546771423
3699.980768808588
6.991269119315785
2259.9337062509144
3009.4203872513144
6816.132125764375
3539.553174712538
21443.79379426016
4189.005196445587
6048.3194738797
15816.683828458476
3927.1027823540176
3907.936683730625
8441.72309198138
4078.8584161728154
2666.068723155018
23479.350644600894
18538.87920015062
1701.9714631886536
3062.0434703652422
3068.291965594017
4012.5790982342364
3754.05888419273
10423.517260745395
13889.88662796605
1859.8926558340218
312.4461317708956
27573.735096970242
1539.3661344452355
4581.507149777175
3203.3677384490675
1851.2873580394498
313.4948952176249
27058.14201377501
2915.8545026770894
2741.5533126239125
16687.98121756701
8501.460271857983
16762.435226706526
6119.03245305455
4943.107791539144
11747.52183848012
8666.196788219915
9511.140275579464
8619.805194603574
7753.847721491249
15172.948623853212
10573.447473200613
12133.66004871097
12213.393620750086
10179.721087616359
8630.771937837286
13246.437874314162
12022.601908329327
8617.165025073566
12929.96281149186
9614.80327006938
15363.46114495786
