11748.23756641008
11388.13971535743
9477.77576461888
18912.70151665931
23179.955332995265
20961.41051989012
17653.22399642267
21009.742931984463
11256.332232098577
10956.99479298769
11766.502153085783
10492.41549350683
4409.710373421927
3874.5727040816323
1573.0209539616378
10134.271035147334
12456.898870829573
8501.745827441295
8172.903535330248
12219.157908611598
12714.529751322156
10735.450049753113
10595.045547358377
10866.997299287994
10974.023138899254
9774.842919171364
7718.721203091535
10912.761195022957
14550.387551984948
11418.723493025891
12901.07373586781
13588.452866354954
15043.653346151328
16276.774835992781
10481.095002745744
12897.596661892538
15935.975162593346
10471.646219652073
12986.68332682546
11182.906555728261
9296.418249619332
8197.187898225358
11375.591469366445
13360.30413518811
12046.024150409654
10650.367371090448
3384.0747069437307
15890.716133009098
8578.652643899752
10260.039901029259
17008.294575029046
9156.070619343029
11612.284006975391
12030.425506619831
12349.823968918112
9662.73025255239
20726.34743631792
13794.680057609643
12682.112085325643
15839.324827406737
17537.84550405214
10937.630377013786
19371.95540801665
13171.343339721405
2203.47695667915
5058.439192253314
6305.08176106736
5924.504929129213
2259.5664449928067
2611.211009174312
3378.7177917806844
2367.516600185494
5171.726603575184
4136.150684671098
3854.982800687492
1962.8990684356527
1916.8753342950906
3009.1757883603973
1111.5604313257297
2335.0434325419324
15956.28273083548
