22461.978579441624
27917.04588601539
17768.236008398922
17490.3080980778
33308.809584178496
23799.575338284667
12603.408212013494
30123.464521207276
18489.872902758176
24552.235255501673
20238.00828038986
27480.30699390968
27586.150676411962
22711.32106413994
14920.41526942155
17771.886737333265
26963.479845102476
31372.995254834786
18253.941521815974
23578.922978910367
22605.357814785642
21452.52702626589
20427.139720292635
23937.516327031673
20125.800794713618
22567.327328313
17399.65770954997
19028.571295495374
27705.65605190655
20248.488731186746
6411.275313703566
23573.09897622266
26119.66258821473
9960.91236714699
21492.06040637013
28947.91719961996
10655.044318797232
18499.955386159436
20044.77313549395
6865.442260217608
6.062617875061519
15359.780885182809
20002.469321045108
24208.195217796725
20031.48900441629
18776.08818258664
21253.83919246717
9010.091066118446
17274.98468282383
17526.309072011332
17721.148449369917
17896.439906437507
19325.585336175158
20828.171413131586
22695.3275552899
19464.55561526061
12378.062570606027
21711.489824862303
26747.77180055343
10674.64918027768
25326.04583851464
5204.796130210928
29924.07233810633
31005.500715082522
24758.90111996771
25778.43160295569
27722.588903022828
22226.75497182246
24171.08458540954
26872.839633027525
22143.315959129362
14590.96600034686
32345.24079915878
18554.48935132087
14273.221235321691
26852.241458799625
25541.357157922266
16677.557769927545
16947.816737368863
16644.165585921794
8568.649466480156
