24340.217345290086
24784.290737952768
18643.736054619407
99.63799953609828
8003.452966531439
7675.485807304914
4229.736245386827
7589.927584293586
17477.059108076144
25206.437955986567
22351.521987293567
24710.900969427094
23215.40718139535
20010.427068148685
15867.021896984214
22245.6945782827
27977.36383476047
26625.921149594695
21698.629837961897
25653.60645869947
25718.74005851243
25031.918470608118
22496.263269682637
26540.193469187332
22033.643871704244
23943.908217906275
17877.845150519468
22915.98403087365
30244.156585755565
23175.538966208867
15686.315691390237
26990.141988166728
28302.90690205161
20142.43332282923
24314.80496064433
27621.91551213148
18669.436227138805
21606.04631045689
24254.591956267086
18496.27018377983
20634.119937771877
17210.774941201624
21672.118902231403
25830.106215151576
18934.629641054195
24541.53802197802
18239.838577078877
8019.75442494361
20497.634591021753
20051.824989192322
2006.9548663866299
18308.28735889352
22257.200511528776
22978.694623074844
25074.61670651524
20365.55480924234
24412.287453081157
24631.303143243513
27554.637323607683
11901.78474443951
33866.13202692852
13369.433545092177
34631.83035227667
33726.98320986242
20718.73491723397
22427.07085122842
23724.484555703366
25758.984118112803
19666.949604131136
22263.19486238532
17605.9043406221
17737.36398253644
28337.884332281807
20854.977549378065
17914.431076549565
19759.280200490062
19053.211780685546
18971.116115431934
18986.614131125054
19445.925382212554
18435.98253199385
