11607.928640471873
11668.056702050295
10067.219005863399
16643.610936108762
26613.93948613928
24014.347746464544
19394.489935925012
22727.492883595496
11447.151260824781
12222.70615441999
10624.541895268743
10336.710462708677
5526.760887707641
4938.889622813411
5827.210840987534
10910.86917888117
11267.274989630861
9446.376023222927
8724.485427841046
12844.875527240772
13449.7817261168
13011.43033625594
10696.92654346956
13848.536214092806
9889.761542007858
11799.724194198794
8437.945213041916
12935.174396167411
14884.130542883382
13626.934867484268
16813.981395204373
13713.875562301946
14353.093250890342
18899.243910963418
13790.938769906645
12136.662544846069
18002.82201928762
13217.69162206079
13238.21710269426
14021.97970192923
11515.700148964352
10229.455705224145
11601.72492225274
11992.387457420693
12183.62773761069
13618.445748098056
4995.628879037366
19226.614242459138
9743.827944551547
10463.470957238385
19476.45115738672
9497.74294721855
11881.842433636892
12175.03550391786
14736.348326359832
9687.085169263837
23597.62763747677
14098.687225831989
11678.328855716118
19487.059868048433
19117.589511598988
12428.188423849859
19926.416885497696
13234.36696604788
1976.0290348810292
4657.917371355403
6516.198032685006
5460.7554996662175
3226.896016539792
4864.201100917431
6351.93670072553
5704.333994374863
7408.3883631265335
6172.87024516358
5467.558755303422
5141.263199022109
4409.496157188293
5787.041635789367
5640.280857063023
5187.421222461625
17314.832198471693
