2733.2519949482476
14814.801509332858
2317.3961029528286
22902.467178953826
29522.78110209601
26984.764675958897
17879.672753413182
24684.715588990544
3794.817228092931
1328.0833121969413
1113.7302142020674
14309.485380623586
9430.977360797342
8093.200163994168
12801.429509062447
7.276969112948218
17416.748198482812
13243.48722340616
994.4393778720395
1623.8143233743408
3787.4309778327893
2778.4521619135235
1863.5551565273602
3821.285538914805
1775.368795416127
2307.6781109037543
1454.360874250063
542.5681016701045
4829.00435292273
1560.5532971996386
14789.723102248729
3330.391727790458
5058.173108435841
12775.679284957172
3212.30084202819
2529.878146315177
7147.949261933036
3854.2366660294397
140.08278016399845
21570.493096827282
17944.560769858337
2219.8805787185515
3250.1788073456974
4965.572037526879
4685.9035337842415
2543.0432459847843
9776.545915136161
12508.796090199083
1473.945781694666
2485.4799713021644
25728.928233086066
1796.59823044849
2854.5582329006006
2113.775087814104
578.8164973102212
2525.677861364857
15394.508217630551
3133.2158932242714
825.2954909299096
17129.226965879345
6353.763346340208
15048.623827022087
5141.278898082544
4226.405151454478
10860.767204591451
8139.669031931069
9286.313187613488
8597.1410740068
7838.788484074734
15231.345688073396
10404.141616247834
12124.233345146624
11482.937259025588
9462.300799046974
8100.0751433276055
13505.927919580712
11729.273906844508
8823.530501974947
12201.746780298221
9064.851846888176
13348.736199581506
