53.471
257.614
49.242
375.447
236.148
255.788
199.065
234.363
50.964
60.661
32.705
204.561
118.415
124.086
161.223
61.1
236.644
180.114
109.214
10.194
51.499
60.044
41.882
69.111
0.0
69.951
0.0
32.149
61.342
67.504
185.243
38.393
20.383
174.897
33.989
58.229
113.627
84.054
57.128
259.274
341.438
50.851
26.981
125.647
47.311
49.505
167.434
175.329
39.697
36.572
270.66
56.538
20.552
54.32
57.012
51.277
132.631
82.632
73.831
222.085
52.965
242.092
63.509
60.168
138.823
103.003
120.204
103.748
125.054
182.281
136.395
160.639
119.057
126.77
113.121
158.531
161.019
127.765
138.866
116.96
179.27
192.245
