218.437
417.985
238.824
369.161
364.757
382.955
368.42
388.173
216.951
167.592
192.369
350.688
241.446
257.612
291.759
179.709
372.855
345.696
245.173
180.66
178.675
190.658
201.477
191.273
207.77
214.588
214.291
172.744
213.165
216.209
342.173
201.433
209.211
351.77
161.024
214.161
294.035
238.448
181.252
337.225
485.124
259.519
176.2
206.527
209.25
230.138
317.397
219.6
217.834
189.098
393.117
233.422
210.059
205.476
186.102
204.916
353.452
241.846
210.237
232.902
233.48
395.752
182.71
158.174
264.727
251.342
248.776
241.373
262.787
285.209
266.65
288.391
251.464
288.032
261.065
310.079
302.674
267.402
273.619
257.937
334.527
0
