8322.76237714576
9994.868698886181
6985.315019016429
17708.2831596196
27133.41404665314
24612.85522433615
20578.009950868294
24621.195865646412
8258.894380650823
7826.098560238716
7389.305572204446
8074.893518959707
2044.9751601328903
1344.9931669096209
5762.096508930424
7049.199979712938
9221.933021160803
5477.06275269374
5670.3125086449345
8512.582644991211
9916.181579835715
7728.411514559826
6876.027909172062
7779.181929781488
6346.56995455643
6162.314339838512
5024.329566466683
7033.571561647483
10764.128332823127
8579.32673434079
17618.16079637222
9988.515190462473
11332.181738731457
21140.014598791073
7216.868707669778
8264.60765183851
15643.462728984592
8055.197476581916
8972.081218274112
14860.086769680898
11882.12477333307
5921.813085311096
8001.798538124533
8493.285952158938
9081.279655725
8279.643736263737
3373.474153691732
19376.618062846734
6459.060451666208
6845.254224192643
21006.1147555635
6685.503589952202
8942.338430536716
8316.410483653066
8043.361924686192
6254.170069854916
25298.823475820853
9488.608991061712
7632.8361976654205
21356.817273103003
13613.036533596329
12996.265466699882
15482.301342714165
8869.004061668718
2650.0347623258767
188.05744658148157
2877.6049250847227
776.2028783009642
1485.7880839184822
5999.416513761468
6285.0495317952455
5465.524170744766
2070.7213459516297
1916.389372231692
758.8498215165683
6500.863469170187
4210.045675044081
2096.667323783554
5037.857812380928
2707.0626076019835
17466.525618200943
