3167.1556729907643
14327.453779073476
2107.0238101526597
22064.08071141572
29484.004944219065
27131.371553565976
16902.193045712862
26373.253261416572
3111.6240643955293
393.6460723610592
523.5389906776456
13648.188340884872
8927.220837209303
7743.156887755101
12056.508704098376
605.8804483440687
16054.941913426394
11968.080921747096
1523.5889467779364
1257.8808875219681
3175.176820074266
1945.4550344516833
1197.643624498507
3272.2965872821014
1924.764417905205
1232.7704838089521
785.465892009099
1251.6344400825071
5051.0351295050505
2155.5121491892883
20142.381662318305
2902.938927914552
4434.264087045817
14600.811802790271
2334.2606626395755
2037.3511252286617
7015.74835170841
3135.803120818199
864.0015618898868
22497.575752034376
16773.444874932702
1177.9457486993088
1914.7477356820195
3989.7738872290624
2637.448512981786
2740.688165680473
9147.332184210212
13406.310298112161
911.5771780042229
1696.7463368868366
27900.439717579764
1200.3397538899624
3147.7127068397594
2131.607673601729
8.413030484160192
1815.1380977968834
16691.011807149884
3257.3583781347234
888.6915215063455
18313.047055581916
5919.921529951545
16583.977900265734
5013.318535401079
3408.4570092388662
10246.675007567348
7673.289873822925
8695.157326937457
7083.056712154379
7084.841480959232
14154.429357798166
9825.16100720508
11599.951515242914
10744.019628461268
9250.67777686249
7443.974519537026
12687.476403904868
11099.211325116212
7932.561619097638
11435.057980034038
8326.736879001248
13180.029768441982
