9003.105310689818
10060.793420431493
7494.417146479321
16567.18868079821
26097.163962136576
23419.134805168378
19502.399613965175
23566.92131308309
8985.081539694045
8573.683491234613
7966.298333779012
9417.857730726246
1732.8264717607974
1672.7933673469386
4250.657173572736
8140.235958817265
10268.545897502492
7560.744836583081
6491.685303866271
9599.694595782074
10380.232238100598
8619.06207874134
8343.620045352405
8539.380309354285
8558.844723496739
6948.622377687958
5733.746817341332
8011.885754208531
12074.894760813242
10836.688339228025
14451.543825319917
10738.713796618431
12627.786165308398
19701.298925716907
7906.592577338459
8853.125526453863
15140.21419095837
8391.362741349647
11119.622803592349
13222.184054128187
10829.957441116143
7013.848421352718
8642.544344312533
9372.491855220842
9285.804825567835
9002.072054099746
3023.790935270711
18521.146448191073
6442.573652804553
7582.0941325803215
19420.282241487177
7027.808644360826
9525.407324161984
9820.267819508239
8901.322773460848
7714.071466953251
23286.38387813855
9096.98501489715
8685.7150263462
17434.39674254137
14729.029629947257
12157.628352848364
16048.395580438984
9463.141886673722
1809.0103984283655
1843.0953530557258
3071.7531145917287
1745.915824445376
9.524738231118818
4466.101651376148
4823.055727662993
3516.474652953197
3012.211706975114
3228.9994106949366
1943.156837057247
5008.795708887536
3454.7869032252624
518.7264211351813
3026.121040465365
1692.3949237636725
18458.761459405094
