8977.45613230511
9111.477430179
7815.251102688711
16428.97821906636
26704.267241379308
24046.822464136738
19666.85770484751
24202.54314360556
8576.439537634
8895.29435285341
7738.918164298427
7679.207027696679
2927.97620730897
2491.652241253644
5394.533731917541
8292.979540498049
8578.739248072503
5447.3625246469755
6507.001997940583
9750.555448154657
10613.514155508044
8625.904464637742
7667.014621533157
8714.103609133317
6822.273056573949
7020.282886160945
5870.7330557514
7879.298023820614
12168.416148372695
9544.854217383981
15809.961485898872
10769.66644137656
11995.319320937753
20001.37627409975
8370.07532491305
9340.778839745315
15204.28893669666
8853.743452494742
10113.251073799296
13975.164578952179
10748.597109232818
6362.875475732307
9035.99319002111
9301.6034272774
9414.42518263277
9225.10201183432
2456.8301349074527
19104.465802789426
6689.22654916001
7867.127116695334
20946.092054696575
7303.274768636225
9327.341398953691
9392.574547419617
9335.519276748357
7050.781569048898
22671.715134288108
9632.470859856856
8471.208553768514
18908.348783810678
14479.920457956348
11617.895698388971
16019.213397413667
9946.011584336833
1461.3915791722804
1201.3172566489716
3973.8642300185466
1814.946237560741
1711.1831953429435
4903.491743119266
5268.628303165717
4779.41726298645
629.4188573431476
1013.0387990849931
8.033557288974894
5268.363538939836
3216.796402689546
2919.094444964062
3949.0352198541927
2168.2656055092216
16964.96211026462
