14406.857153944387
24683.82517638653
12509.164465691196
11127.387507575813
26506.69776876268
24753.892766303794
6599.1572610772755
24088.156689936386
14390.183130507763
17923.853845580004
14559.223376886832
22802.765440227326
22702.467380730897
17153.047330539357
12466.544331491295
13406.287427093372
24450.470545823857
19885.376625704554
16604.14060378789
16679.22152899824
16879.085045572185
17539.062426074386
15063.28591510276
20192.526393321878
13569.009857083269
17834.65761068337
11841.260678701128
19254.354181914965
22307.38151165135
14077.054552692418
8.028947695365884
21699.657909898728
21294.79947125784
3541.740510499327
20814.029379461834
23468.527602490107
5972.78850692357
14163.63219269738
16291.40648184303
4213.89814391515
10697.307362009797
14613.388995795025
13866.701223526206
18805.11711926012
15124.765139146988
17627.250955198648
16368.60461003501
2780.088105995435
13644.903135040851
17270.53802923132
13804.546787022968
12514.870660022374
14417.81881030808
15304.329424479869
22515.20457262403
13821.912950026866
5193.267920265296
16562.863265059317
20271.817569788276
4628.381036937254
19712.652544916597
3275.9902321043014
23642.08095922311
23903.536440605247
18225.059856250038
19486.40836823432
21208.966382801045
19175.74911896667
18456.1705666022
26851.479633027524
22280.899861923528
13194.63553487811
26210.323168594463
17022.27481893127
19748.7332123412
21299.418958367052
20663.49381184986
15293.32506421279
15755.852541468743
15414.10218451356
3772.4751158946137
