9528.822080955035
9836.154158001505
8554.059261264594
33035.55236477639
15619.684161595673
22310.28792349171
17855.01254330156
15362.771591158367
9422.717949109221
14478.725967922415
15415.216959123643
10164.962288506355
3176.2556172757477
3256.7570153061224
4300.195450859093
10314.812638839581
7944.439194191731
6218.161211137445
8196.662501728986
10786.42855887522
8857.025497918308
9758.002553367254
9300.434336490216
8981.315001227596
10265.308599152597
10436.846192079374
7735.559223391377
9490.947701111185
11617.190087581104
11002.821475050907
18336.992483538328
10932.167826356726
8320.57763988726
17432.87973185894
9012.104704374886
9357.51896651966
29914.678763247197
9290.340852609444
11036.172588832489
11990.93736856542
15488.776147207165
8458.366673793742
8558.440015435952
12105.010770899542
10026.886493074626
9466.528655959426
1471.4513186038453
17307.62073169906
8245.476507849076
8708.391992200075
18219.057467155242
9735.59060307129
9710.513032358069
8845.10694406917
10451.676031081888
7735.705534658785
20990.584344593855
13407.761843508473
10160.571293773392
17600.875273623464
15888.526864199648
10881.470166915793
18106.090472179556
7714.278724864849
8.59591541187154
2707.7624776589214
4360.266849868425
2689.0719575241023
1388.7636982059662
5449.543486238533
3862.752320939924
3902.0268287349472
9.954433929197336
2211.3237565979994
1237.8908426581413
3234.6803154704426
2541.600398201345
1956.4749947838345
2321.334493357381
1049.8233420274018
16054.659223592791
