17333.66601285516
26489.60543640516
12562.86274496857
15070.089345973407
29684.90322853279
20584.892054125543
10253.970470034188
27159.18245867582
16716.171548468315
16824.438403580752
15552.1143394591
25273.67580070866
21398.772964784053
19992.88925838192
18165.453442975428
15357.606694730437
28684.663535896612
27704.461600509865
17951.346360930525
17569.537170474516
17842.74041858895
19279.18252820908
16845.408530766785
21577.160815123985
23349.54490571008
19880.862256524717
19320.733966982825
17075.310466431565
25327.425503796676
16715.029113652716
5893.247608398559
24562.93876171693
20846.419519762287
7065.848889907468
18888.71050704741
28414.21087933748
5829.742260358029
16592.35870292487
15148.028114017963
10570.908475816035
14986.185125364567
13575.402152376879
16542.4419676299
22355.423338217664
18213.04645756374
20025.987726120034
18569.6710779452
6571.534149794418
16421.111300835397
16478.298061976286
18038.218607560997
13690.188955557816
23729.875605502806
16185.778978654416
20847.405409444113
16937.285061794733
9015.80099121752
18896.02491287092
20694.63621038793
7866.417071042601
23056.873204408043
7671.94719523335
27142.538968438785
24936.461399845546
21885.458516087296
23014.409088484004
22550.581125040055
25675.85350783227
19033.554511761737
27124.162568807344
21150.045163557854
20118.784970479344
27041.518401682442
20959.19276612193
22288.060335813276
19450.63017062865
21275.503024474197
20019.8938924103
20416.244938654203
20335.586622818322
6342.863521808997
