11868.80698214248
14487.96345322089
10466.56680180656
12952.578605152301
22179.24256254226
20038.155865296572
15993.506820703238
13983.850110326852
12383.59763476138
12482.559999999998
12569.041964425674
11387.103656793352
6231.639452491694
5433.085140306122
1500.0383055770355
11937.722290409292
12121.28548281436
8783.786895775656
9691.125608987659
14405.212434094903
14701.121897153145
11911.960291384265
11933.732933849105
12712.940829855144
11990.904261157822
12442.501477028687
8738.562469237626
12754.579413134607
15741.960054654193
12483.154096427968
12282.603894893778
15722.895661134131
16159.91828530228
15856.087088549573
12227.097977301848
14027.237368652419
15068.098937243192
12854.269714203783
14959.594689574385
9726.983084941025
13391.474119508384
9021.927859739148
12180.766735523119
12879.777997678359
13240.933033396781
11024.751885038038
5114.5981454706225
15948.243549709068
9904.801413751951
11262.277329629595
15605.902225399946
10151.867141259027
13205.122852160433
13045.222372331802
12982.904512851164
10931.442235357334
19239.74399621005
14489.265477093573
12636.76365814612
15875.448298559553
14394.271686462844
8940.903660106294
19686.641629093792
15062.64669202826
3288.281481657338
6214.252007362552
8055.824233125855
5769.66227314362
3810.677173944111
960.5141284403671
2612.702196671102
1375.670273490224
6561.962846126884
5219.198393034795
6473.440463455969
7.7784785751363295
2382.3382855407353
4064.6893108186855
2430.6144486498847
3625.263780785765
14059.296366515993
