11616.15343639096
11641.06780196226
10034.858571919074
16647.94695059447
26668.909863083165
24012.15138874758
19463.878665066677
22725.62465643831
11446.885865791784
12227.977023498692
11097.340132228052
10277.59713763439
5518.818594019933
4761.94310313411
5814.204032364535
10874.193254551908
11272.397771894395
9550.511984903105
8342.71381294153
12874.24811072056
13405.135883875324
12961.442905957232
10696.493007315898
14007.137736312301
10418.515334460275
11626.760196186922
8375.280639325289
13254.778960676027
15104.841017523688
12804.84034571984
16454.685985836753
13710.893146010148
14390.697699316133
18978.050431145613
13790.246430532672
12481.353762815694
17922.603928076354
13272.818796597208
13242.003123779774
14195.813294322024
11639.438179794357
10096.503086023804
11601.65620956575
11999.895678319283
12049.157835340851
13840.997869822486
4982.192508991839
19223.67299107899
9746.229564858164
10448.999365336325
19710.66493877916
9499.583606223941
11878.10932764968
12216.404215077006
14611.9196054991
9691.796883396024
24717.973288145473
12454.807678353509
11407.614804762461
19494.251871354874
19390.29008190043
12425.215236256436
19288.11930832879
13226.72259088699
2041.4439511653716
4660.978579240803
6529.984599399901
5376.846350891901
3238.410998580398
4881.837798165137
6357.50452639771
5702.52720952503
7430.188573431476
6205.708300330138
5463.863318950494
5133.329150875469
4394.660997359385
5731.157154060334
5642.096425940509
5242.424057483943
17313.33733136033
