9852.026098368058
23284.673550951145
8200.039650573135
13797.198093513605
29046.850997295467
26934.875979245087
8928.016482894469
25457.991793230707
12920.55813527639
10954.79859753823
9235.843723777996
23015.320448067643
17037.874604651162
17791.89413265306
20092.468342732125
11900.318669168737
30741.176015691326
23724.85323846322
12222.540965466364
9873.185984182775
11598.088027455835
11711.313660514805
12733.24585723227
13972.490056469434
18912.41869552809
12600.853722581189
7086.092726111769
11180.83432031406
16397.63666908081
13148.958920888643
7283.861349235931
15455.526070866663
11744.956149358737
6039.3774085426985
14418.429022515102
14460.079127610998
6.232951920067174
12396.002055056393
8800.527137836783
21306.520252354392
15863.203427170965
10204.933703941273
12404.082968242798
15190.957201849704
13785.288924667273
12718.023516483516
17423.663496122455
24655.81826063985
11284.824368860736
11833.745830995502
16592.567521673074
8725.93161802095
13003.957744623136
10467.80005403945
11150.041691572025
12737.555077915098
7627.827156444736
14668.532603318054
10736.182780080788
7272.504707088952
19278.970670211394
8995.61031182528
21002.447208046375
13152.742026829897
22503.676752509098
20065.555806012748
15716.686054979948
20091.82941331719
16507.366476433654
22843.246238532112
19455.741159340243
20174.32396564595
21672.29582895198
22039.655997921593
19677.234552469323
20396.493165365227
19241.67325554909
18153.3522026606
20901.60701856885
18983.670786899103
6400.949786707668
