8040.316792842881
8946.758478036209
6782.36971105594
22691.35747368106
27475.921779918863
24599.127988605145
21401.065722145493
24778.211866265796
7448.444298630451
7094.58977993286
7028.76758660753
8163.5635065711385
1630.4867083056477
1095.3288994169095
5551.257746930462
6843.91668103667
9520.548537272703
5993.3727021052
5397.868320346719
8616.2841827768
9282.565421402049
7614.181683344912
6515.109061246268
7425.775595384238
6212.266338829004
5841.205349188337
4653.338020299841
6828.0723268347865
10490.67913061008
7995.28271553902
16182.263790532987
9481.181997473795
11342.800935130766
20437.29553384708
6940.5483708585025
8476.578624200569
15513.692670008793
7737.203307207034
9231.108160874659
14549.746365548139
11630.708010054268
5415.080664243461
7747.905159694005
8157.715827132772
8419.723948027717
7930.04696534235
3628.832704004206
19286.044821816853
5582.014679151749
6605.102300425869
20755.71507730807
6236.095189667447
8630.377554737453
8387.163253174818
7799.3840406455465
5940.7415368081665
23507.476221712037
9706.119770880747
7706.250177585056
19269.583495338833
13846.231508082843
13253.54529978409
13095.379279591736
9400.542947856184
2937.482173698861
564.4205457892069
2467.037938300496
334.25252666387223
1131.8090063739173
6397.907889908257
5651.489578992293
5199.298350915028
2675.652295828952
2303.224702654408
1323.2072210670547
6594.516351214828
4713.185222680603
2068.6140541473906
4667.049483069576
2841.377222915228
18551.799141050393
