8097.342044548552
9971.841472205564
6757.141540330675
35146.01708205823
22872.175202839753
24055.215688269407
20653.09603889782
21874.98686400764
8984.683447144547
11582.207713539721
14137.972466320574
9743.0475876946
386.44222724252495
838.250273323615
5279.078233152903
8259.578252269615
9192.548172899134
7025.548208488517
7068.895523076213
8860.402987697715
7982.2183076403735
8102.588654413008
7645.121045773094
7268.729683280138
8949.331342890386
9013.913188225035
6253.011626514839
8412.859870916229
9193.922573226911
8817.042426469461
18932.900981488383
9619.662840428124
6873.306102383711
21181.073458045666
6465.1420007321985
7984.051603114053
28738.084429296116
8019.285007646721
10667.982038266304
13914.29596781567
17603.84164527988
7423.882973416006
6697.356888293646
10365.876829245086
8131.773121572109
7610.0162975486055
3671.9776309343147
17543.007349504504
8478.368768934177
6628.56285469881
26054.380373581196
8607.324153361133
8510.565983336563
7214.18340988922
8306.184997011356
6191.922353573347
22761.11293320214
10939.626988577022
9848.561879114937
18525.456335052888
14887.691779940824
13330.253539694402
14455.910816033294
5813.207559852407
2810.004748140806
1712.7871795555793
3030.317664080479
627.5885302656296
515.8996274735849
8722.52256880734
5110.751141013732
4808.1687088577055
922.4773922187171
3082.140330644497
2138.7739570437857
4962.9026852942325
5022.996735086432
1255.2912922419434
4606.530520486702
2799.7596931990392
17294.758268690533
