11770.840524084017
12481.25207006979
10317.083995826952
12822.046502405554
22268.580671061525
20151.582053108148
15982.112102927525
19929.143360388145
12335.22938999733
12623.38005221932
11890.567695414435
12049.732077727434
5570.526235215946
5640.687181122448
1465.594349408725
11792.401217223714
12091.11798726243
8686.094624469715
9573.476513952284
13889.234050966606
15292.08797119388
11861.212595985959
11927.085379492915
12718.880432113921
12254.099712410265
11070.60473774535
8679.043459752836
12181.2334153969
15428.388343425444
13273.240702463521
12209.620760342901
15732.810180158218
15730.527955603138
16220.401684475893
12226.02100494234
13207.606857726285
15117.276927892523
11452.51703785127
14374.496680983992
9759.207643778
8124.150457297436
9605.7850331409
12164.206977958369
12792.58793697311
12691.215059021797
12361.856500422655
4141.845465842963
16322.734056316851
10410.180216652896
11304.735832743127
15623.340602377335
9684.512315671718
12594.86567719434
13284.626641448256
13862.570980274955
10935.224879097259
19200.179111548412
14273.024506085296
13456.553100582056
15650.289558681709
18516.368723468117
9015.761916625144
21095.308725164745
14891.922313434972
3373.037207618392
6136.811721396751
7862.585048017634
6425.797214847935
4044.388661286788
789.8300917431193
2661.200888710366
1380.3836252723968
6847.157378198387
5102.744919620058
5656.829365031671
751.0121064294126
1442.150219770022
4098.516076580498
2432.5164731882032
3631.7256523128626
15009.67592860198
