3334.819660911714
13819.12155998418
2013.0665574982834
22138.42529311854
29192.778904665312
27164.16003662631
17033.06222971902
26351.259132611587
2935.534460000763
956.04780305856
1376.7462309472655
13406.076670507411
8539.785823255814
7491.781614431486
11450.969502649896
1241.305391286707
19608.16061121728
11459.47377462208
1654.142658080645
1992.9297891036904
3876.574828401035
3012.550457165387
1813.2649627022645
3661.7647925362144
1253.627450549933
3312.1836579670457
268.5448365769625
765.296693060084
6221.922901749383
2582.5298868525406
14376.473164368244
3255.5895029583176
4930.680285782954
13060.028441286848
1872.8549331868935
3554.2750180802336
6605.433126810388
3029.0479353852033
1520.7973447871925
21749.786961689675
16723.367651284694
1830.8092794526403
3537.672689714662
4466.444451844945
4467.450875358307
3217.3893153000845
8702.311505968668
11604.447798196832
1114.222004957312
2048.0808874253808
26840.745196174816
1796.1955862910609
2539.7094826584
2543.48986760335
1092.4320083682007
2255.31837721655
24502.062060420536
2132.6812449838935
1652.5792771493093
18638.485205198464
6713.632134128038
14733.135587942203
5251.89040281425
3367.6020708789797
9496.079673802726
7302.056366206951
8136.498373517959
6829.253163181346
6689.920245048066
14173.927706422019
9506.03668315216
10880.851145009388
9906.652646337188
9178.008377003163
6756.302015600774
12410.018073129755
10425.34970008352
7494.442086178241
10701.913976172937
7832.403707178277
13682.233933711748
