3257.68935251494
15946.602080914528
2902.5364085362635
33915.49230446917
21245.735801217037
20064.355275206024
16927.533537482734
19901.969147192794
3381.3981154389044
5328.936486385676
2398.0872115003363
13617.4334352719
9796.736531561462
8846.32789723032
12944.424114973313
4446.228128011361
16837.16230516674
13340.216644426297
6585.816640283605
831.7336555360281
3806.6493867446834
3804.113136699022
3026.2268646302546
4886.807758409035
7.622225637197866
4890.462661652584
6.167773003605018
2517.757202741367
4499.442318174012
4520.2141074518095
14873.063579326625
3094.700234892636
1273.2416482772182
14477.966344859196
2614.658109097565
4112.914944908464
7082.316278214727
5159.9772032116225
4505.996095275284
23208.306299716554
20700.081220252545
2827.592488062148
1853.9370076952764
8498.967849055169
3294.6170617753937
2956.908960270499
11305.051166847898
15167.254800886007
2576.678954374369
2331.5200838859814
26076.635981767813
3252.099338960643
1447.5998914938964
3921.72493920562
4796.436939629408
3402.853036002149
12494.119565613497
6172.167155908837
5646.070366090266
18150.409708083946
4235.6556322627675
15995.220685932569
6368.835951047911
5110.519607562713
11933.107652222427
8521.989076213087
9105.497062621986
8974.645739214135
8888.855333987556
17860.193394495414
9992.415559962845
12619.135282274789
11851.450403084473
9636.296883019777
9087.640340861288
12331.299869949375
12638.849738047633
9457.060672993215
12005.751797190542
8997.386831063597
12761.182240667738
