3584.061439467167
17916.667985047014
2016.8389942422484
22378.983763440054
30567.938007099387
28022.62213856954
17218.43898159259
26188.298772855724
3337.342539961088
97.24753450205145
749.8926131176867
13498.407956406101
8188.422059800664
7401.52605685131
11725.87884045944
1072.4069381751788
17786.371168747606
12174.50120994244
1293.959139553588
1521.2550527240771
3683.947237537977
2268.567701781725
993.0868159944181
3743.505033145102
2093.063159974534
1494.453686944942
881.0046958349408
1577.034333621665
5973.999537081973
2863.0344035643743
19897.659336563553
3475.643461785627
4556.947038388429
20320.49301286275
1871.470254438953
2833.6019654277566
7835.817835831648
2370.7140604090996
2046.1866458414684
19772.899789704672
16526.5750750602
1394.8625899793315
1775.2609810909587
4120.051666064054
3549.9079275036297
2937.078765849535
8704.472128287549
12467.359048696395
482.9853162581474
1565.99199771889
25809.47233890428
1380.5517746364285
3096.998814183298
2164.240583626047
579.6578003586371
1828.4768941429338
23191.993367588642
1734.7829194014757
1404.9600407120367
16964.382981003262
6826.071137601303
16194.820679704368
5051.626418272804
2864.6871227939705
9529.002029830195
7438.652426174407
8116.727527844401
6561.7819384285785
6820.920935793976
13923.094678899082
9284.862134411167
11087.924399972853
10899.010164738871
9732.150557938829
7602.235598129831
12422.463638849973
11197.484447369086
7341.666496391852
10416.437384103438
7812.787311471016
14131.192356157731
