18120.50482244784
23420.298964008216
17214.041472980825
12714.097808438522
27334.8521382691
24429.53779631702
8457.431645798899
22940.470779514046
17291.017189943923
21845.64398358821
19359.284013683853
23016.452122083705
21779.920329568104
18284.236060495627
12259.398860828729
14999.725353755643
27577.28876992911
25652.109183612498
17427.62396709033
22709.576098418278
21449.740103522
17367.115802714834
17863.56818764814
20265.922906948195
18468.1953853922
18044.535509645233
15687.91566785947
18990.745026282522
22545.696012185195
18297.07726639413
1700.129674493726
21754.308673299794
21164.43321899102
4929.629289254304
19169.56951308805
22457.621718969356
6924.684924156229
14882.24990441598
20350.652089027724
4194.294870622656
3854.794323500365
12605.253951963508
16064.476516922798
20018.066823345827
18881.56590955258
17227.182755705835
15197.884910440092
4198.2903155884005
13974.314568989259
13628.286978357048
15518.517651264636
14403.099196582936
21428.591854291804
20479.677924885167
21386.59653317394
17526.382052659857
6602.154622644946
17093.19518014007
22340.256454024024
5568.653741944372
25463.43574460786
3498.0543099152965
23816.873210127334
22883.691856640256
17906.753108548433
20773.68765171926
23281.572162395736
19788.372409296262
14028.446731580902
27968.764403669727
23932.272999774057
13649.002646679586
27543.520504731863
16452.929834677754
21067.762983617988
17288.757620241013
21417.339711304026
13051.062011209357
13676.59389844286
14092.803311306068
4051.944081571311
