11684.023233826983
10889.27837175774
9997.487870424173
13176.515686611945
23189.671864435426
21029.419167768847
16114.852061493875
20997.08993896538
12198.8163430359
11977.698590078327
11000.331436896606
10080.153306361486
5249.856127574751
4847.2082270408155
3112.159974349786
10809.937617284579
10891.46199079763
8697.722893305981
8526.092028217066
12731.138356766256
13213.543130415213
11149.287685635432
10523.078545850049
11529.687208445863
9930.921560448727
9705.279791434172
8170.448897875566
10849.560782487193
15050.78198800893
12219.256197081744
12965.225027953784
14293.028563830965
14608.266293779636
15575.628590254104
11276.669870034779
12335.35442930274
15852.391277345245
11181.73088319633
13679.682936352989
9647.048276492638
8654.023259577814
8611.226042334829
11519.132272489956
12099.531798892463
12720.8806097038
11485.624716821641
3304.806875619869
19634.66961775803
9556.177017350592
10076.499314747192
15856.205559031192
9422.160886809723
12243.671970548343
11993.172007565521
12338.045726240285
9492.179473401397
19372.286359826536
13073.279263827964
11183.85511179907
17359.53452630612
18055.416791732772
9278.855983225376
18631.570331467075
13220.69202826006
1957.8916533619806
4567.239429668952
6373.257090976181
5149.513110707467
3026.0235520536594
1046.8359633027524
4003.5597017548266
3055.744516245787
4593.373992288819
3652.5495111302625
3280.181776661339
2427.3520241570427
7.849290914766352
3640.3373455835263
2779.8088627530674
2545.3619653405635
13802.036855065258
