12315.931258069751
12679.335740440678
11014.749016163963
18110.80983770922
22015.8608857336
19966.852680842403
17027.79004686757
20011.769952385253
12292.036348376761
13315.97224916076
12748.980995675387
11625.953443242166
5871.009679734219
5966.134748542274
309.8350276305615
12055.90026880357
12899.023440074117
9618.948420601884
10166.304936962413
14523.681854130053
14906.906706425114
12510.669057319341
12073.18706327789
12943.453965136263
12795.277732651313
11280.202985942438
9218.785275298313
13115.612748685875
15938.905094338214
12655.782562430142
11375.653963225246
15749.57619606887
16219.01098997138
17296.210020912713
12122.78551162365
13516.981352543286
15910.544718759471
11791.322022557828
15780.293635298713
9331.068574563407
9118.419788807525
9601.225386643859
12739.126030009307
13430.651430093818
12696.020042582966
12054.010650887574
4510.366610106707
15202.376802660727
10379.413513265397
11099.519734361058
16948.946286531413
10342.432868910812
13989.075109474907
13962.98686841394
13833.798416019126
11048.239656098871
19271.113297620348
13113.315588684765
12882.3945992939
14357.935600900088
20121.303546160114
11087.677244228533
20036.928107813506
14402.257615628843
3713.09162131203
7132.53163763438
8245.730402105202
6142.755220219521
3259.8061195323885
2594.4561467889907
3649.7829889789873
297.0982740029709
7370.461969856292
5453.017508063341
6231.550053484935
1972.9333057975787
2581.474796048358
4146.554525113136
2548.1941473823254
3766.117194668096
16809.70948312736
