3058.100971545088
14106.40478316896
2025.3269769161693
22199.490830458886
29552.56047160243
28275.20327601994
16922.941636289535
26559.90613830213
3228.9286689810397
404.4513539723983
255.4635635183358
13835.44710601322
8778.716491694353
7573.767310495627
12287.098545859188
377.4563878886241
15678.702016071202
12089.103796132167
1398.4021085957552
1296.5547891036906
3393.453595138967
2255.5798396635564
1172.0649914322946
3232.628529339553
1919.7337489846545
1224.5906989393527
778.3729530549532
1254.2971588262692
5147.710571703763
2194.2832437646407
19576.421139271963
2580.515545017395
4407.778561908716
13678.725848683645
2336.799240344133
2998.107261872686
7060.376287456092
3154.035605046836
863.1339320577899
22112.850324586263
16903.00301892277
1177.278483358278
1913.5109073161873
4148.934641953225
3254.2273448844016
2744.6900422654267
9111.884474291108
13187.360085078137
1148.948136417883
1695.3438037509543
27887.240504066493
1470.4564629309468
3160.109436155784
2157.381896784653
8.413030484160192
1815.5362708221385
17643.20669800663
3028.419319018877
864.1437219707171
18291.38931835229
6752.4979632091245
16146.06040317223
4396.882524897191
3403.615571636967
10103.724934267926
7331.510150185397
8713.110163813444
7245.2522316923605
7129.764126944807
14038.321100917432
9822.37709436899
11481.646385510372
10755.268138801262
9548.044609759652
7479.884520618743
12676.81988825693
11089.399711472754
8039.14923987884
11436.873548911526
8322.659745775816
14185.363492907594
