16459.09604679221
18138.45979471542
16192.536335904073
14836.93823373164
22671.186950642325
21397.46596805372
10091.468188919329
19311.099849026414
16645.57646969061
21747.605818724354
17932.97022563601
23598.864825996934
21521.547588039866
17567.253325437316
10021.826332962411
17032.18282700208
21543.860809296955
22082.08252006612
15568.21348763582
20560.971616871702
20013.681456059414
17395.245611400034
18402.52588267887
19159.177019396026
18786.270861232464
17739.226787204712
15606.316031021775
16792.82733382128
22387.47982946697
17178.943005221012
4010.4593738352596
22819.273107009103
20164.60464506544
15502.119987395079
19569.049331868937
18802.199605780002
8049.42109813235
16885.92011565666
19044.63256540414
36.700192008777535
7992.834154123604
14241.166146390135
18028.353823803147
20227.147100801158
18090.902382689947
16406.08130177515
15694.693004887258
6217.459388060612
16437.403373726247
15811.202301345671
14886.785950487085
15575.483941828537
17840.372640961054
20931.48489597406
20116.22893006575
18488.434443847393
9110.19150176743
19472.742196862255
21316.360852832353
7431.709507554304
24634.37802838643
2001.5498878923765
27242.92166674924
22947.22510797746
17951.709746152523
20500.90920852562
18813.436790538242
12627.634856317825
15936.66406406311
23344.128440366974
15617.164923555845
12263.355778583764
25175.460217315107
11890.492544974117
12722.10199396642
14101.837163221906
20300.935064496807
10778.155017231331
10603.440978484517
11029.106937041886
5858.668946023745
