3797.8452089492216
13626.423289401499
2197.031793090698
22219.725564725508
33219.74137931034
27498.55549903347
17123.369619851925
25741.028207543517
3063.7866096974785
453.11904513241325
1312.733690490461
13076.093841235737
8159.962174086379
7416.497357871719
10912.070123158748
1433.6356849419283
15342.021381751088
11967.266202274492
947.705370361832
1927.9021528998242
4101.947631371667
2813.3610010701614
1481.4652930976104
3417.3925853179476
2229.119887598516
1696.7111025667475
639.7830936639484
1287.6594583804645
6269.38042155406
3029.100577220461
15483.905919990062
3817.654065193786
5772.40776508117
20830.003655427277
1441.4505766062603
2753.6449042102126
6921.13214156179
2680.666292295928
1893.326044513862
19838.24403401298
16651.28312475021
1933.5681419713492
2196.9507411527024
4237.07168547451
4414.596056185439
3329.083482671175
8268.026419874053
12139.842056777463
959.6744927935371
2203.8895685206817
25644.530342300477
2000.8538594528627
3220.9661073435377
3080.849932450689
1007.3762701733413
2293.012090274046
19175.215553369046
2230.7553019558695
1826.2492233966987
17334.852878595375
7415.776124522961
15034.947164092342
5675.483327552891
2499.031177597895
9008.347433333136
7242.321444767519
7658.2105590243045
6269.830003260212
6240.693785192313
13134.930275229359
8838.703471995583
10559.164885876082
10120.175254118472
9277.890794801444
6932.156584656435
11248.068943575889
10607.217770578656
7195.4786137231895
10043.121840627939
7354.22521417305
13917.28399093652
