11779.796412973688
13295.809263323084
10286.374002958111
30861.221767465526
15333.49632352941
19935.868348763863
17999.742466094594
15436.311805618283
11874.76900774425
17058.025751585224
17840.507667198406
12967.58627381334
4970.634865116279
4945.2346027696785
282.05505365798456
12570.6002941624
11787.166239626014
10245.838022067757
9355.90709576283
13162.344200351494
11342.77885675706
11461.693286146106
11489.286120317262
11018.174318684018
13197.502579526245
12184.243995761162
9525.878693147804
11792.006587264623
13391.30914711087
12983.227558066541
15149.500248478074
13786.09840007091
10178.99947562761
17456.968699687743
11250.130194032583
11491.284745954988
31230.080936458173
11103.705672911488
13119.667317454121
9877.543384840448
14982.971937890785
10332.103356852684
10073.898327015188
13971.108051532854
11848.393087415456
11352.129281487743
4848.571522458686
12862.784344539352
11282.292931240247
10602.257986184568
18435.54383769774
11984.473263500458
12243.31979073823
11237.055930829505
12762.398983861327
9714.160934981192
18252.788528114863
15593.401585364514
12299.90055236904
14081.043473602032
18507.172076669096
10362.681967281183
21312.11930832879
10173.559151626097
3677.418572352763
5447.047123002641
5876.107435207753
4573.221616754382
2830.979658723883
4874.489174311927
3988.2481811563275
451.53910073217264
4277.519803715387
5531.920057282988
4884.563502842514
1943.5306567835632
4004.7867176229406
3830.344583462238
2626.6094317575635
4056.5937052195336
16464.03925966174
