10282.091538315
10558.602444532336
8731.658509851566
15099.447777387033
25327.938556457062
22749.481025536676
18123.723798310955
22829.650941326763
10285.915293938122
10066.481462140991
8906.028824608802
8540.144677680652
3883.698881063123
3291.11971574344
4492.086022519379
9262.199056651622
9628.696162836224
5819.541192814037
7330.66626707855
10810.171397188047
11691.223393721166
9553.998084974563
8726.721493140705
9811.020869138229
8422.254440078153
8000.388903997824
6768.020672315858
8931.228558120967
13935.126847005591
10243.336579241499
15041.751770406263
12493.825481419104
12795.756866001006
18811.497155298366
9365.736271279517
11031.743544293025
15670.825387913688
9927.372801567577
11164.10855134713
12203.350918899147
10110.749082597595
7028.583864300477
9968.080789049554
10225.317522693107
11181.962758714086
10893.04833474218
1969.6773214477757
19601.623793428123
8116.3082805471395
8718.910990719194
18021.4546429529
8141.867507373132
10733.595380740167
10456.320778168061
10472.203825463239
7957.023374529823
21718.295616048978
11805.039040425698
10138.47062690175
18598.847459702727
15332.489601646585
10697.000394452747
16396.7766932567
10993.71566888819
414.06524538985207
2312.287513004508
5002.175456143246
3574.356729231677
1970.5546118007983
3305.6069724770646
4277.482072653328
4522.853814310167
1981.6291622853137
2056.6352328388666
1094.0901671854906
4281.119038183533
1965.305459239199
2133.084760883798
3230.0699443696494
1304.2979969278665
15903.179356308017
