3617.874489356748
13887.027118233202
2229.3332827108975
22148.903994792327
33670.0306372549
27428.58581747889
17161.63546312858
25814.228744338492
3080.2411017434097
504.86140992167094
1262.139586349344
13552.32889481846
8259.158112956811
7568.27783345481
10897.216668867053
1428.2507277983466
15251.661194602622
12178.13041486586
929.132371248098
1811.635676625659
4128.1142342747835
2797.7755665283594
1698.8836741604161
3332.4704149275717
2158.9191894799237
1947.068449729446
705.6549093424501
1352.9743828598043
5970.258681579596
3044.903648584508
19705.446328736492
3565.196556385312
4822.864209399376
19270.180903543704
1424.9882848251877
2473.0182220394504
8116.238342715471
2732.2329143567194
1895.850058570871
19325.157447197584
16473.52716865341
1656.9310526690897
2376.703130320296
4368.431730384974
3844.0564863787176
3284.9433812341504
8285.37891787255
12205.674183256677
1006.9929036996235
2355.0443896651
25587.397980159087
1821.849771178684
3163.842542142995
2477.429883815185
963.039599521817
2472.986297689414
18159.151634415655
2213.4261464208366
1725.8403112774463
17578.48199060113
7028.797221388448
15509.20362066102
5615.1133131843635
2578.7025542747633
8933.992765020446
6735.319230666631
7671.012370973849
6568.702280595533
6290.449880429501
13228.796697247708
9177.754751085784
10547.067282968505
10107.234490010514
9285.948280559904
6963.0857802189885
11649.90514676743
10638.457948419427
6938.632055312933
9961.680608123555
7291.375820867826
14189.420989352724
