3464.4058899480005
57357.417098329905
1859.8113147747083
23280.694109196476
30967.21547498309
28074.550310306233
18060.712709715397
27395.08859697795
2294.0083164841876
1259.3863185378589
597.2304032310118
14595.932044806763
8870.383798006646
7543.254373177842
12882.68191848513
1355.699345742253
18583.248409741955
12905.378642275287
1873.8226443512071
1145.2859841827767
3660.885146843704
2347.1284287404014
768.4428323705353
2783.7643014976675
2779.36835634783
870.6926561195878
1404.957012491187
2174.1881695388915
6417.620989599277
2159.864690031081
20861.935954776993
3137.9855740465796
5374.625161135266
14692.366436531354
2690.0461742632256
2884.1048795360116
7738.895433474604
3427.7070349837504
1970.8606013276064
23285.376702934987
17592.44392367476
1502.9039697811986
2409.9600708237804
3649.2659232335536
3095.732524808715
2763.445105663567
10224.672487961092
13228.797126580821
1281.0372532819242
1363.6447171147638
28766.38519974975
968.8193633682498
3992.7329432280562
2308.4174007025126
380.7737597130902
1559.5773777538957
27022.439415473196
15614.24138878811
2430.920410088952
17015.299095320464
6429.975558509497
15919.10708354094
4656.413417232324
4144.86514973828
10733.891493112227
8248.052338143889
9444.934455201344
8517.816651918092
8214.233762707343
15409.966238532112
10725.976592272738
12312.138969529253
11989.319313003854
9746.745249123966
8462.790254924821
13413.208454965086
12104.548505479486
8442.775834406542
11778.114042218102
8679.293512438016
14401.47856672177
